47   4  50L   1   0   0   0     0   47   1   0   0    0
46   4  50L   1   0   0   1     0   46   1   0   1    1
45   4  50L   1   0   0   2     0   45   1   0   2    2
44   4  50L   1   0   0   3     0   44   1   0   3    3
43   4  50L   1   0   0   4     0   43   1   0   4    4
42   4  50L   1   0   0   5     0   42   1   0   5    5
41   4  50L   1   0   0   6     0   41   1   0   6    6
40   4  50L   1   0   0   7     0   40   1   0   7    7
39   4  50L   1   0   0   8     0   39   1   0   8    8
38   4  50L   1   0   0   9     0   38   1   0   9    9
37   4  50L   1   0   0   10    0   37   1   0   10   10
36   4  50L   1   0   0   11    0   36   1   0   11   11
35   4  50L   1   0   0   12    0   35   1   0   12   12
34   4  50L   1   0   0   13    0   34   1   0   13   13
33   4  50L   1   0   0   14    0   33   1   0   14   14
32   4  50L   1   0   0   15    0   32   1   0   15   15
31   4  50L   1   0   0   16    0   31   1   1   0    16
30   4  50L   1   0   0   17    0   30   1   1   1    17
29   4  50L   1   0   0   18    0   29   1   1   2    18
28   4  50L   1   0   0   19    0   28   1   1   3    19
27   4  50L   1   0   0   20    0   27   1   1   4    20
26   4  50L   1   0   0   21    0   26   1   1   5    21
25   4  50L   1   0   0   22    0   25   1   1   6    22
24   4  50L   1   0   0   23    0   24   1   1   7    23
23   4  50L   1   0   0   24    0   23   1   1   8    24
22   4  50L   1   0   0   25    0   22   1   1   9    25
21   4  50L   1   0   0   26    0   21   1   1   10   26
20   4  50L   1   0   0   27    0   20   1   1   11   27
19   4  50L   1   0   0   28    0   19   1   1   12   28
18   4  50L   1   0   0   29    0   18   1   1   13   29
17   4  50L   1   0   0   30    0   17   1   1   14   30
16   4  50L   1   0   0   31    0   16   1   1   15   31
15   4  50L   1   0   0   32    0   15   1   2   0    32
14   4  50L   1   0   0   33    0   14   1   2   1    33
13   4  50L   1   0   0   34    0   13   1   2   2    34
12   4  50L   1   0   0   35    0   12   1   2   3    35
11   4  50L   1   0   0   36    0   11   1   2   4    36
10   4  50L   1   0   0   37    0   10   1   2   5    37
9    4  50L   1   0   0   38    0   9    1   2   6    38
8    4  50L   1   0   0   39    0   8    1   2   7    39
7    4  50L   1   0   0   40    0   7    1   2   8    40
6    4  50L   1   0   0   41    0   6    1   2   9    41
5    4  50L   1   0   0   42    0   5    1   2   10   42
4    4  50L   1   0   0   43    0   4    1   2   11   43
3    4  50L   1   0   0   44    0   3    1   2   12   44
2    4  50L   1   0   0   45    0   2    1   2   13   45
1    4  50L   1   0   0   46    0   1    1   2   14   46
0    4  50L   1   0   0   47    0   0    1   2   15   47
63   4  50L   1   0   0   48    0   15   1   3   0    48
62   4  50L   1   0   0   49    0   14   1   3   1    49
61   4  50L   1   0   0   50    0   13   1   3   2    50
60   4  50L   1   0   0   51    0   12   1   3   3    51
59   4  50L   1   0   0   52    0   11   1   3   4    52
58   4  50L   1   0   0   53    0   10   1   3   5    53
57   4  50L   1   0   0   54    0   9    1   3   6    54
56   4  50L   1   0   0   55    0   8    1   3   7    55
55   4  50L   1   0   0   56    0   7    1   3   8    56
54   4  50L   1   0   0   57    0   6    1   3   9    57
53   4  50L   1   0   0   58    0   5    1   3   10   58
52   4  50L   1   0   0   59    0   4    1   3   11   59
51   4  50L   1   0   0   60    0   3    1   3   12   60
50   4  50L   1   0   0   61    0   2    1   3   13   61
49   4  50L   1   0   0   62    0   1    1   3   14   62
48   4  50L   1   0   0   63    0   48   1   3   15   63
79   4  50L   1   0   1   64    2   31   1   4   0    64
78   4  50L   1   0   1   65    2   30   1   4   1    65
77   4  50L   1   0   1   66    2   29   1   4   2    66
76   4  50L   1   0   1   67    2   28   1   4   3    67
75   4  50L   1   0   1   68    2   27   1   4   4    68
74   4  50L   1   0   1   69    2   26   1   4   5    69
73   4  50L   1   0   1   70    2   25   1   4   6    70
72   4  50L   1   0   1   71    2   24   1   4   7    71
71   4  50L   1   0   1   72    2   23   1   4   8    72
70   4  50L   1   0   1   73    2   22   1   4   9    73
69   4  50L   1   0   1   74    2   21   1   4   10   74
68   4  50L   1   0   1   75    2   20   1   4   11   75
67   4  50L   1   0   1   76    2   19   1   4   12   76
66   4  50L   1   0   1   77    2   18   1   4   13   77
65   4  50L   1   0   1   78    2   17   1   4   14   78
64   4  50L   1   0   1   79    2   16   1   4   15   79
127  4  50L   1   0   1   80    2   39   1   5   0    80
126  4  50L   1   0   1   81    2   38   1   5   1    81
125  4  50L   1   0   1   82    2   37   1   5   2    82
124  4  50L   1   0   1   83    2   36   1   5   3    83
123  4  50L   1   0   1   84    2   35   1   5   4    84
122  4  50L   1   0   1   85    2   34   1   5   5    85
121  4  50L   1   0   1   86    2   33   1   5   6    86
120  4  50L   1   0   1   87    2   32   1   5   7    87
119  4  50L   1   0   1   88    2   31   1   5   8    88
118  4  50L   1   0   1   89    2   30   1   5   9    89
117  4  50L   1   0   1   90    2   29   1   5   10   90
116  4  50L   1   0   1   91    2   28   1   5   11   91
115  4  50L   1   0   1   92    2   27   1   5   12   92
114  4  50L   1   0   1   93    2   26   1   5   13   93
113  4  50L   1   0   1   94    2   25   1   5   14   94
112  4  50L   1   0   1   95    2   24   1   5   15   95
111  4  50L   1   0   1   96    2   23   1   6   0    96
110  4  50L   1   0   1   97    2   22   1   6   1    97
109  4  50L   1   0   1   98    2   21   1   6   2    98
108  4  50L   1   0   1   99    2   20   1   6   3    99
107  4  50L   1   0   1   100   2   19   1   6   4    100
106  4  50L   1   0   1   101   2   18   1   6   5    101
105  4  50L   1   0   1   102   2   17   1   6   6    102
104  4  50L   1   0   1   103   2   16   1   6   7    103
103  4  50L   1   0   1   104   2   15   1   6   8    104
102  4  50L   1   0   1   105   2   14   1   6   9    105
101  4  50L   1   0   1   106   2   13   1   6   10   106
100  4  50L   1   0   1   107   2   12   1   6   11   107
99   4  50L   1   0   1   108   2   11   1   6   12   108
98   4  50L   1   0   1   109   2   10   1   6   13   109
97   4  50L   1   0   1   110   2   9    1   6   14   110
96   4  50L   1   0   1   111   2   8    1   6   15   111
95   4  50L   1   0   1   112   2   7    1   7   0    112
94   4  50L   1   0   1   113   2   6    1   7   1    113
93   4  50L   1   0   1   114   2   5    1   7   2    114
92   4  50L   1   0   1   115   2   4    1   7   3    115
91   4  50L   1   0   1   116   2   3    1   7   4    116
90   4  50L   1   0   1   117   2   2    1   7   5    117
89   4  50L   1   0   1   118   2   1    1   7   6    118
88   4  50L   1   0   1   119   2   0    1   7   7    119
87   4  50L   1   0   1   120   2   39   1   7   8    120
86   4  50L   1   0   1   121   2   38   1   7   9    121
85   4  50L   1   0   1   122   2   37   1   7   10   122
84   4  50L   1   0   1   123   2   36   1   7   11   123
83   4  50L   1   0   1   124   2   35   1   7   12   124
82   4  50L   1   0   1   125   2   34   1   7   13   125
81   4  50L   1   0   1   126   2   33   1   7   14   126
80   4  50L   1   0   1   127   2   32   1   7   15   127
