1609	0	APA0	1	1	1	52	2	9	1	1	4	148	
1620	0	APA0	1	1	1	11	2	20	1	3	11	187	
1607	0	APA0	1	1	1	51	2	7	1	1	3	147	
1618	0	APA0	1	1	1	12	2	18	1	3	12	188	
1605	0	APA0	1	1	1	50	2	5	1	1	2	146	
1616	0	APA0	1	1	1	13	2	16	1	3	13	189	
1603	0	APA0	1	1	1	49	2	3	1	1	1	145	
1614	0	APA0	1	1	1	14	2	14	1	3	14	190	
1601	0	APA0	1	1	1	48	2	1	1	1	0	144	
1612	0	APA0	1	1	1	15	2	12	1	3	15	191	
399	0	APA0	1	1	1	20	0	0	1	0	4	132	
388	0	APA0	1	1	1	43	0	11	1	2	11	171	
397	0	APA0	1	1	1	19	0	2	1	0	3	131	
386	0	APA0	1	1	1	44	0	13	1	2	12	172	
395	0	APA0	1	1	1	18	0	4	1	0	2	130	
384	0	APA0	1	1	1	45	0	15	1	2	13	173	
393	0	APA0	1	1	1	17	0	6	1	0	1	129	
382	0	APA0	1	1	1	46	0	17	1	2	14	174	
391	0	APA0	1	1	1	16	0	8	1	0	0	128	
380	0	APA0	1	1	1	47	0	19	1	2	15	175	
379	0	APA0	1	1	1	68	0	20	1	4	4	196	
368	0	APA0	1	1	1	123	0	31	1	6	11	235	
377	0	APA0	1	1	1	67	0	22	1	4	3	195	
366	0	APA0	1	1	1	124	0	33	1	6	12	236	
375	0	APA0	1	1	1	66	0	24	1	4	2	194	
364	0	APA0	1	1	1	125	0	35	1	6	13	237	
373	0	APA0	1	1	1	65	0	26	1	4	1	193	
362	0	APA0	1	1	1	126	0	37	1	6	14	238	
371	0	APA0	1	1	1	64	0	28	1	4	0	192	
360	0	APA0	1	1	1	127	0	39	1	6	15	239	
1633	0	APA0	1	1	1	100	2	33	1	5	4	212	
1644	0	APA0	1	1	1	91	2	44	1	7	11	251	
1631	0	APA0	1	1	1	99	2	31	1	5	3	211	
1642	0	APA0	1	1	1	92	2	42	1	7	12	252	
1629	0	APA0	1	1	1	98	2	29	1	5	2	210	
1640	0	APA0	1	1	1	93	2	40	1	7	13	253	
1627	0	APA0	1	1	1	97	2	27	1	5	1	209	
1638	0	APA0	1	1	1	94	2	38	1	7	14	254	
1625	0	APA0	1	1	1	96	2	25	1	5	0	208	
1636	0	APA0	1	1	1	95	2	36	1	7	15	255	
807	0	APA0	1	1	1	57	1	7	1	1	9	153	
816	0	APA0	1	1	1	6	1	16	1	3	6	182	
805	0	APA0	1	1	1	56	1	5	1	1	8	152	
814	0	APA0	1	1	1	7	1	14	1	3	7	183	
803	0	APA0	1	1	1	55	1	3	1	1	7	151	
812	0	APA0	1	1	1	8	1	12	1	3	8	184	
801	0	APA0	1	1	1	54	1	1	1	1	6	150	
810	0	APA0	1	1	1	9	1	10	1	3	9	185	
1611	0	APA0	1	1	1	53	2	11	1	1	5	149	
1622	0	APA0	1	1	1	10	2	22	1	3	10	186	
800	0	APA0	1	1	1	25	1	0	1	0	9	137	
811	0	APA0	1	1	1	38	1	11	1	2	6	166	
802	0	APA0	1	1	1	24	1	2	1	0	8	136	
813	0	APA0	1	1	1	39	1	13	1	2	7	167	
804	0	APA0	1	1	1	23	1	4	1	0	7	135	
815	0	APA0	1	1	1	40	1	15	1	2	8	168	
806	0	APA0	1	1	1	22	1	6	1	0	6	134	
817	0	APA0	1	1	1	41	1	17	1	2	9	169	
808	0	APA0	1	1	1	21	1	8	1	0	5	133	
819	0	APA0	1	1	1	42	1	19	1	2	10	170	
820	0	APA0	1	1	1	73	1	20	1	4	9	201	
831	0	APA0	1	1	1	118	1	31	1	6	6	230	
822	0	APA0	1	1	1	72	1	22	1	4	8	200	
833	0	APA0	1	1	1	119	1	33	1	6	7	231	
824	0	APA0	1	1	1	71	1	24	1	4	7	199	
835	0	APA0	1	1	1	120	1	35	1	6	8	232	
826	0	APA0	1	1	1	70	1	26	1	4	6	198	
837	0	APA0	1	1	1	121	1	37	1	6	9	233	
828	0	APA0	1	1	1	69	1	28	1	4	5	197	
839	0	APA0	1	1	1	122	1	39	1	6	10	234	
827	0	APA0	1	1	1	105	1	27	1	5	9	217	
836	0	APA0	1	1	1	86	1	36	1	7	6	246	
825	0	APA0	1	1	1	104	1	25	1	5	8	216	
834	0	APA0	1	1	1	87	1	34	1	7	7	247	
823	0	APA0	1	1	1	103	1	23	1	5	7	215	
832	0	APA0	1	1	1	88	1	32	1	7	8	248	
821	0	APA0	1	1	1	102	1	21	1	5	6	214	
830	0	APA0	1	1	1	89	1	30	1	7	9	249	
1635	0	APA0	1	1	1	101	2	35	1	5	5	213	
1646	0	APA0	1	1	1	90	2	46	1	7	10	250	
390	0	APA0	1	1	1	63	0	9	1	1	15	159	
381	0	APA0	1	1	1	0	0	18	1	3	0	176	
392	0	APA0	1	1	1	62	0	7	1	1	14	158	
383	0	APA0	1	1	1	1	0	16	1	3	1	177	
394	0	APA0	1	1	1	61	0	5	1	1	13	157	
385	0	APA0	1	1	1	2	0	14	1	3	2	178	
396	0	APA0	1	1	1	60	0	3	1	1	12	156	
387	0	APA0	1	1	1	3	0	12	1	3	3	179	
398	0	APA0	1	1	1	59	0	1	1	1	11	155	
389	0	APA0	1	1	1	4	0	10	1	3	4	180	
809	0	APA0	1	1	1	58	1	9	1	1	10	154	
818	0	APA0	1	1	1	5	1	18	1	3	5	181	
1600	0	APA0	1	1	1	31	2	0	1	0	15	143	
1613	0	APA0	1	1	1	32	2	13	1	2	0	160	
1602	0	APA0	1	1	1	30	2	2	1	0	14	142	
1615	0	APA0	1	1	1	33	2	15	1	2	1	161	
1604	0	APA0	1	1	1	29	2	4	1	0	13	141	
1617	0	APA0	1	1	1	34	2	17	1	2	2	162	
1606	0	APA0	1	1	1	28	2	6	1	0	12	140	
1619	0	APA0	1	1	1	35	2	19	1	2	3	163	
1608	0	APA0	1	1	1	27	2	8	1	0	11	139	
1621	0	APA0	1	1	1	36	2	21	1	2	4	164	
1610	0	APA0	1	1	1	26	2	10	1	0	10	138	
1623	0	APA0	1	1	1	37	2	23	1	2	5	165	
1624	0	APA0	1	1	1	79	2	24	1	4	15	207	
1637	0	APA0	1	1	1	112	2	37	1	6	0	224	
1626	0	APA0	1	1	1	78	2	26	1	4	14	206	
1639	0	APA0	1	1	1	113	2	39	1	6	1	225	
1628	0	APA0	1	1	1	77	2	28	1	4	13	205	
1641	0	APA0	1	1	1	114	2	41	1	6	2	226	
1630	0	APA0	1	1	1	76	2	30	1	4	12	204	
1643	0	APA0	1	1	1	115	2	43	1	6	3	227	
1632	0	APA0	1	1	1	75	2	32	1	4	11	203	
1645	0	APA0	1	1	1	116	2	45	1	6	4	228	
1634	0	APA0	1	1	1	74	2	34	1	4	10	202	
1647	0	APA0	1	1	1	117	2	47	1	6	5	229	
370	0	APA0	1	1	1	111	0	29	1	5	15	223	
361	0	APA0	1	1	1	80	0	38	1	7	0	240	
372	0	APA0	1	1	1	110	0	27	1	5	14	222	
363	0	APA0	1	1	1	81	0	36	1	7	1	241	
374	0	APA0	1	1	1	109	0	25	1	5	13	221	
365	0	APA0	1	1	1	82	0	34	1	7	2	242	
376	0	APA0	1	1	1	108	0	23	1	5	12	220	
367	0	APA0	1	1	1	83	0	32	1	7	3	243	
378	0	APA0	1	1	1	107	0	21	1	5	11	219	
369	0	APA0	1	1	1	84	0	30	1	7	4	244	
829	0	APA0	1	1	1	106	1	29	1	5	10	218	
838	0	APA0	1	1	1	85	1	38	1	7	5	245	
1657	0	APA0	1	1	0	52	2	9	2	1	4	20	
1668	0	APA0	1	1	0	11	2	20	2	3	11	59	
1655	0	APA0	1	1	0	51	2	7	2	1	3	19	
1666	0	APA0	1	1	0	12	2	18	2	3	12	60	
1653	0	APA0	1	1	0	50	2	5	2	1	2	18	
1664	0	APA0	1	1	0	13	2	16	2	3	13	61	
1651	0	APA0	1	1	0	49	2	3	2	1	1	17	
1662	0	APA0	1	1	0	14	2	14	2	3	14	62	
1649	0	APA0	1	1	0	48	2	1	2	1	0	16	
1660	0	APA0	1	1	0	15	2	12	2	3	15	63	
359	0	APA0	1	1	0	20	0	0	2	0	4	4	
348	0	APA0	1	1	0	43	0	11	2	2	11	43	
357	0	APA0	1	1	0	19	0	2	2	0	3	3	
346	0	APA0	1	1	0	44	0	13	2	2	12	44	
355	0	APA0	1	1	0	18	0	4	2	0	2	2	
344	0	APA0	1	1	0	45	0	15	2	2	13	45	
353	0	APA0	1	1	0	17	0	6	2	0	1	1	
342	0	APA0	1	1	0	46	0	17	2	2	14	46	
351	0	APA0	1	1	0	16	0	8	2	0	0	0	
340	0	APA0	1	1	0	47	0	19	2	2	15	47	
339	0	APA0	1	1	0	68	0	20	2	4	4	68	
328	0	APA0	1	1	0	123	0	31	2	6	11	107	
337	0	APA0	1	1	0	67	0	22	2	4	3	67	
326	0	APA0	1	1	0	124	0	33	2	6	12	108	
335	0	APA0	1	1	0	66	0	24	2	4	2	66	
324	0	APA0	1	1	0	125	0	35	2	6	13	109	
333	0	APA0	1	1	0	65	0	26	2	4	1	65	
322	0	APA0	1	1	0	126	0	37	2	6	14	110	
331	0	APA0	1	1	0	64	0	28	2	4	0	64	
320	0	APA0	1	1	0	127	0	39	2	6	15	111	
1681	0	APA0	1	1	0	100	2	33	2	5	4	84	
1692	0	APA0	1	1	0	91	2	44	2	7	11	123	
1679	0	APA0	1	1	0	99	2	31	2	5	3	83	
1690	0	APA0	1	1	0	92	2	42	2	7	12	124	
1677	0	APA0	1	1	0	98	2	29	2	5	2	82	
1688	0	APA0	1	1	0	93	2	40	2	7	13	125	
1675	0	APA0	1	1	0	97	2	27	2	5	1	81	
1686	0	APA0	1	1	0	94	2	38	2	7	14	126	
1673	0	APA0	1	1	0	96	2	25	2	5	0	80	
1684	0	APA0	1	1	0	95	2	36	2	7	15	127	
847	0	APA0	1	1	0	57	1	7	2	1	9	25	
856	0	APA0	1	1	0	6	1	16	2	3	6	54	
845	0	APA0	1	1	0	56	1	5	2	1	8	24	
854	0	APA0	1	1	0	7	1	14	2	3	7	55	
843	0	APA0	1	1	0	55	1	3	2	1	7	23	
852	0	APA0	1	1	0	8	1	12	2	3	8	56	
841	0	APA0	1	1	0	54	1	1	2	1	6	22	
850	0	APA0	1	1	0	9	1	10	2	3	9	57	
1659	0	APA0	1	1	0	53	2	11	2	1	5	21	
1670	0	APA0	1	1	0	10	2	22	2	3	10	58	
840	0	APA0	1	1	0	25	1	0	2	0	9	9	
851	0	APA0	1	1	0	38	1	11	2	2	6	38	
842	0	APA0	1	1	0	24	1	2	2	0	8	8	
853	0	APA0	1	1	0	39	1	13	2	2	7	39	
844	0	APA0	1	1	0	23	1	4	2	0	7	7	
855	0	APA0	1	1	0	40	1	15	2	2	8	40	
846	0	APA0	1	1	0	22	1	6	2	0	6	6	
857	0	APA0	1	1	0	41	1	17	2	2	9	41	
848	0	APA0	1	1	0	21	1	8	2	0	5	5	
859	0	APA0	1	1	0	42	1	19	2	2	10	42	
860	0	APA0	1	1	0	73	1	20	2	4	9	73	
871	0	APA0	1	1	0	118	1	31	2	6	6	102	
862	0	APA0	1	1	0	72	1	22	2	4	8	72	
873	0	APA0	1	1	0	119	1	33	2	6	7	103	
864	0	APA0	1	1	0	71	1	24	2	4	7	71	
875	0	APA0	1	1	0	120	1	35	2	6	8	104	
866	0	APA0	1	1	0	70	1	26	2	4	6	70	
877	0	APA0	1	1	0	121	1	37	2	6	9	105	
868	0	APA0	1	1	0	69	1	28	2	4	5	69	
879	0	APA0	1	1	0	122	1	39	2	6	10	106	
867	0	APA0	1	1	0	105	1	27	2	5	9	89	
876	0	APA0	1	1	0	86	1	36	2	7	6	118	
865	0	APA0	1	1	0	104	1	25	2	5	8	88	
874	0	APA0	1	1	0	87	1	34	2	7	7	119	
863	0	APA0	1	1	0	103	1	23	2	5	7	87	
872	0	APA0	1	1	0	88	1	32	2	7	8	120	
861	0	APA0	1	1	0	102	1	21	2	5	6	86	
870	0	APA0	1	1	0	89	1	30	2	7	9	121	
1683	0	APA0	1	1	0	101	2	35	2	5	5	85	
1694	0	APA0	1	1	0	90	2	46	2	7	10	122	
350	0	APA0	1	1	0	63	0	9	2	1	15	31	
341	0	APA0	1	1	0	0	0	18	2	3	0	48	
352	0	APA0	1	1	0	62	0	7	2	1	14	30	
343	0	APA0	1	1	0	1	0	16	2	3	1	49	
354	0	APA0	1	1	0	61	0	5	2	1	13	29	
345	0	APA0	1	1	0	2	0	14	2	3	2	50	
356	0	APA0	1	1	0	60	0	3	2	1	12	28	
347	0	APA0	1	1	0	3	0	12	2	3	3	51	
358	0	APA0	1	1	0	59	0	1	2	1	11	27	
349	0	APA0	1	1	0	4	0	10	2	3	4	52	
849	0	APA0	1	1	0	58	1	9	2	1	10	26	
858	0	APA0	1	1	0	5	1	18	2	3	5	53	
1648	0	APA0	1	1	0	31	2	0	2	0	15	15	
1661	0	APA0	1	1	0	32	2	13	2	2	0	32	
1650	0	APA0	1	1	0	30	2	2	2	0	14	14	
1663	0	APA0	1	1	0	33	2	15	2	2	1	33	
1652	0	APA0	1	1	0	29	2	4	2	0	13	13	
1665	0	APA0	1	1	0	34	2	17	2	2	2	34	
1654	0	APA0	1	1	0	28	2	6	2	0	12	12	
1667	0	APA0	1	1	0	35	2	19	2	2	3	35	
1656	0	APA0	1	1	0	27	2	8	2	0	11	11	
1669	0	APA0	1	1	0	36	2	21	2	2	4	36	
1658	0	APA0	1	1	0	26	2	10	2	0	10	10	
1671	0	APA0	1	1	0	37	2	23	2	2	5	37	
1672	0	APA0	1	1	0	79	2	24	2	4	15	79	
1685	0	APA0	1	1	0	112	2	37	2	6	0	96	
1674	0	APA0	1	1	0	78	2	26	2	4	14	78	
1687	0	APA0	1	1	0	113	2	39	2	6	1	97	
1676	0	APA0	1	1	0	77	2	28	2	4	13	77	
1689	0	APA0	1	1	0	114	2	41	2	6	2	98	
1678	0	APA0	1	1	0	76	2	30	2	4	12	76	
1691	0	APA0	1	1	0	115	2	43	2	6	3	99	
1680	0	APA0	1	1	0	75	2	32	2	4	11	75	
1693	0	APA0	1	1	0	116	2	45	2	6	4	100	
1682	0	APA0	1	1	0	74	2	34	2	4	10	74	
1695	0	APA0	1	1	0	117	2	47	2	6	5	101	
330	0	APA0	1	1	0	111	0	29	2	5	15	95	
321	0	APA0	1	1	0	80	0	38	2	7	0	112	
332	0	APA0	1	1	0	110	0	27	2	5	14	94	
323	0	APA0	1	1	0	81	0	36	2	7	1	113	
334	0	APA0	1	1	0	109	0	25	2	5	13	93	
325	0	APA0	1	1	0	82	0	34	2	7	2	114	
336	0	APA0	1	1	0	108	0	23	2	5	12	92	
327	0	APA0	1	1	0	83	0	32	2	7	3	115	
338	0	APA0	1	1	0	107	0	21	2	5	11	91	
329	0	APA0	1	1	0	84	0	30	2	7	4	116	
869	0	APA0	1	1	0	106	1	29	2	5	10	90	
878	0	APA0	1	1	0	85	1	38	2	7	5	117	
1705	0	APA0	2	1	1	52	2	9	3	1	4	148	
1716	0	APA0	2	1	1	11	2	20	3	3	11	187	
1703	0	APA0	2	1	1	51	2	7	3	1	3	147	
1714	0	APA0	2	1	1	12	2	18	3	3	12	188	
1701	0	APA0	2	1	1	50	2	5	3	1	2	146	
1712	0	APA0	2	1	1	13	2	16	3	3	13	189	
1699	0	APA0	2	1	1	49	2	3	3	1	1	145	
1710	0	APA0	2	1	1	14	2	14	3	3	14	190	
1697	0	APA0	2	1	1	48	2	1	3	1	0	144	
1708	0	APA0	2	1	1	15	2	12	3	3	15	191	
319	0	APA0	2	1	1	20	0	0	3	0	4	132	
308	0	APA0	2	1	1	43	0	11	3	2	11	171	
317	0	APA0	2	1	1	19	0	2	3	0	3	131	
306	0	APA0	2	1	1	44	0	13	3	2	12	172	
315	0	APA0	2	1	1	18	0	4	3	0	2	130	
304	0	APA0	2	1	1	45	0	15	3	2	13	173	
313	0	APA0	2	1	1	17	0	6	3	0	1	129	
302	0	APA0	2	1	1	46	0	17	3	2	14	174	
311	0	APA0	2	1	1	16	0	8	3	0	0	128	
300	0	APA0	2	1	1	47	0	19	3	2	15	175	
299	0	APA0	2	1	1	68	0	20	3	4	4	196	
288	0	APA0	2	1	1	123	0	31	3	6	11	235	
297	0	APA0	2	1	1	67	0	22	3	4	3	195	
286	0	APA0	2	1	1	124	0	33	3	6	12	236	
295	0	APA0	2	1	1	66	0	24	3	4	2	194	
284	0	APA0	2	1	1	125	0	35	3	6	13	237	
293	0	APA0	2	1	1	65	0	26	3	4	1	193	
282	0	APA0	2	1	1	126	0	37	3	6	14	238	
291	0	APA0	2	1	1	64	0	28	3	4	0	192	
280	0	APA0	2	1	1	127	0	39	3	6	15	239	
1729	0	APA0	2	1	1	100	2	33	3	5	4	212	
1740	0	APA0	2	1	1	91	2	44	3	7	11	251	
1727	0	APA0	2	1	1	99	2	31	3	5	3	211	
1738	0	APA0	2	1	1	92	2	42	3	7	12	252	
1725	0	APA0	2	1	1	98	2	29	3	5	2	210	
1736	0	APA0	2	1	1	93	2	40	3	7	13	253	
1723	0	APA0	2	1	1	97	2	27	3	5	1	209	
1734	0	APA0	2	1	1	94	2	38	3	7	14	254	
1721	0	APA0	2	1	1	96	2	25	3	5	0	208	
1732	0	APA0	2	1	1	95	2	36	3	7	15	255	
887	0	APA0	2	1	1	57	1	7	3	1	9	153	
896	0	APA0	2	1	1	6	1	16	3	3	6	182	
885	0	APA0	2	1	1	56	1	5	3	1	8	152	
894	0	APA0	2	1	1	7	1	14	3	3	7	183	
883	0	APA0	2	1	1	55	1	3	3	1	7	151	
892	0	APA0	2	1	1	8	1	12	3	3	8	184	
881	0	APA0	2	1	1	54	1	1	3	1	6	150	
890	0	APA0	2	1	1	9	1	10	3	3	9	185	
1707	0	APA0	2	1	1	53	2	11	3	1	5	149	
1718	0	APA0	2	1	1	10	2	22	3	3	10	186	
880	0	APA0	2	1	1	25	1	0	3	0	9	137	
891	0	APA0	2	1	1	38	1	11	3	2	6	166	
882	0	APA0	2	1	1	24	1	2	3	0	8	136	
893	0	APA0	2	1	1	39	1	13	3	2	7	167	
884	0	APA0	2	1	1	23	1	4	3	0	7	135	
895	0	APA0	2	1	1	40	1	15	3	2	8	168	
886	0	APA0	2	1	1	22	1	6	3	0	6	134	
897	0	APA0	2	1	1	41	1	17	3	2	9	169	
888	0	APA0	2	1	1	21	1	8	3	0	5	133	
899	0	APA0	2	1	1	42	1	19	3	2	10	170	
900	0	APA0	2	1	1	73	1	20	3	4	9	201	
911	0	APA0	2	1	1	118	1	31	3	6	6	230	
902	0	APA0	2	1	1	72	1	22	3	4	8	200	
913	0	APA0	2	1	1	119	1	33	3	6	7	231	
904	0	APA0	2	1	1	71	1	24	3	4	7	199	
915	0	APA0	2	1	1	120	1	35	3	6	8	232	
906	0	APA0	2	1	1	70	1	26	3	4	6	198	
917	0	APA0	2	1	1	121	1	37	3	6	9	233	
908	0	APA0	2	1	1	69	1	28	3	4	5	197	
919	0	APA0	2	1	1	122	1	39	3	6	10	234	
907	0	APA0	2	1	1	105	1	27	3	5	9	217	
916	0	APA0	2	1	1	86	1	36	3	7	6	246	
905	0	APA0	2	1	1	104	1	25	3	5	8	216	
914	0	APA0	2	1	1	87	1	34	3	7	7	247	
903	0	APA0	2	1	1	103	1	23	3	5	7	215	
912	0	APA0	2	1	1	88	1	32	3	7	8	248	
901	0	APA0	2	1	1	102	1	21	3	5	6	214	
910	0	APA0	2	1	1	89	1	30	3	7	9	249	
1731	0	APA0	2	1	1	101	2	35	3	5	5	213	
1742	0	APA0	2	1	1	90	2	46	3	7	10	250	
310	0	APA0	2	1	1	63	0	9	3	1	15	159	
301	0	APA0	2	1	1	0	0	18	3	3	0	176	
312	0	APA0	2	1	1	62	0	7	3	1	14	158	
303	0	APA0	2	1	1	1	0	16	3	3	1	177	
314	0	APA0	2	1	1	61	0	5	3	1	13	157	
305	0	APA0	2	1	1	2	0	14	3	3	2	178	
316	0	APA0	2	1	1	60	0	3	3	1	12	156	
307	0	APA0	2	1	1	3	0	12	3	3	3	179	
318	0	APA0	2	1	1	59	0	1	3	1	11	155	
309	0	APA0	2	1	1	4	0	10	3	3	4	180	
889	0	APA0	2	1	1	58	1	9	3	1	10	154	
898	0	APA0	2	1	1	5	1	18	3	3	5	181	
1696	0	APA0	2	1	1	31	2	0	3	0	15	143	
1709	0	APA0	2	1	1	32	2	13	3	2	0	160	
1698	0	APA0	2	1	1	30	2	2	3	0	14	142	
1711	0	APA0	2	1	1	33	2	15	3	2	1	161	
1700	0	APA0	2	1	1	29	2	4	3	0	13	141	
1713	0	APA0	2	1	1	34	2	17	3	2	2	162	
1702	0	APA0	2	1	1	28	2	6	3	0	12	140	
1715	0	APA0	2	1	1	35	2	19	3	2	3	163	
1704	0	APA0	2	1	1	27	2	8	3	0	11	139	
1717	0	APA0	2	1	1	36	2	21	3	2	4	164	
1706	0	APA0	2	1	1	26	2	10	3	0	10	138	
1719	0	APA0	2	1	1	37	2	23	3	2	5	165	
1720	0	APA0	2	1	1	79	2	24	3	4	15	207	
1733	0	APA0	2	1	1	112	2	37	3	6	0	224	
1722	0	APA0	2	1	1	78	2	26	3	4	14	206	
1735	0	APA0	2	1	1	113	2	39	3	6	1	225	
1724	0	APA0	2	1	1	77	2	28	3	4	13	205	
1737	0	APA0	2	1	1	114	2	41	3	6	2	226	
1726	0	APA0	2	1	1	76	2	30	3	4	12	204	
1739	0	APA0	2	1	1	115	2	43	3	6	3	227	
1728	0	APA0	2	1	1	75	2	32	3	4	11	203	
1741	0	APA0	2	1	1	116	2	45	3	6	4	228	
1730	0	APA0	2	1	1	74	2	34	3	4	10	202	
1743	0	APA0	2	1	1	117	2	47	3	6	5	229	
290	0	APA0	2	1	1	111	0	29	3	5	15	223	
281	0	APA0	2	1	1	80	0	38	3	7	0	240	
292	0	APA0	2	1	1	110	0	27	3	5	14	222	
283	0	APA0	2	1	1	81	0	36	3	7	1	241	
294	0	APA0	2	1	1	109	0	25	3	5	13	221	
285	0	APA0	2	1	1	82	0	34	3	7	2	242	
296	0	APA0	2	1	1	108	0	23	3	5	12	220	
287	0	APA0	2	1	1	83	0	32	3	7	3	243	
298	0	APA0	2	1	1	107	0	21	3	5	11	219	
289	0	APA0	2	1	1	84	0	30	3	7	4	244	
909	0	APA0	2	1	1	106	1	29	3	5	10	218	
918	0	APA0	2	1	1	85	1	38	3	7	5	245	
1753	0	APA0	2	1	0	52	2	9	4	1	4	20	
1764	0	APA0	2	1	0	11	2	20	4	3	11	59	
1751	0	APA0	2	1	0	51	2	7	4	1	3	19	
1762	0	APA0	2	1	0	12	2	18	4	3	12	60	
1749	0	APA0	2	1	0	50	2	5	4	1	2	18	
1760	0	APA0	2	1	0	13	2	16	4	3	13	61	
1747	0	APA0	2	1	0	49	2	3	4	1	1	17	
1758	0	APA0	2	1	0	14	2	14	4	3	14	62	
1745	0	APA0	2	1	0	48	2	1	4	1	0	16	
1756	0	APA0	2	1	0	15	2	12	4	3	15	63	
279	0	APA0	2	1	0	20	0	0	4	0	4	4	
268	0	APA0	2	1	0	43	0	11	4	2	11	43	
277	0	APA0	2	1	0	19	0	2	4	0	3	3	
266	0	APA0	2	1	0	44	0	13	4	2	12	44	
275	0	APA0	2	1	0	18	0	4	4	0	2	2	
264	0	APA0	2	1	0	45	0	15	4	2	13	45	
273	0	APA0	2	1	0	17	0	6	4	0	1	1	
262	0	APA0	2	1	0	46	0	17	4	2	14	46	
271	0	APA0	2	1	0	16	0	8	4	0	0	0	
260	0	APA0	2	1	0	47	0	19	4	2	15	47	
259	0	APA0	2	1	0	68	0	20	4	4	4	68	
248	0	APA0	2	1	0	123	0	31	4	6	11	107	
257	0	APA0	2	1	0	67	0	22	4	4	3	67	
246	0	APA0	2	1	0	124	0	33	4	6	12	108	
255	0	APA0	2	1	0	66	0	24	4	4	2	66	
244	0	APA0	2	1	0	125	0	35	4	6	13	109	
253	0	APA0	2	1	0	65	0	26	4	4	1	65	
242	0	APA0	2	1	0	126	0	37	4	6	14	110	
251	0	APA0	2	1	0	64	0	28	4	4	0	64	
240	0	APA0	2	1	0	127	0	39	4	6	15	111	
1777	0	APA0	2	1	0	100	2	33	4	5	4	84	
1788	0	APA0	2	1	0	91	2	44	4	7	11	123	
1775	0	APA0	2	1	0	99	2	31	4	5	3	83	
1786	0	APA0	2	1	0	92	2	42	4	7	12	124	
1773	0	APA0	2	1	0	98	2	29	4	5	2	82	
1784	0	APA0	2	1	0	93	2	40	4	7	13	125	
1771	0	APA0	2	1	0	97	2	27	4	5	1	81	
1782	0	APA0	2	1	0	94	2	38	4	7	14	126	
1769	0	APA0	2	1	0	96	2	25	4	5	0	80	
1780	0	APA0	2	1	0	95	2	36	4	7	15	127	
927	0	APA0	2	1	0	57	1	7	4	1	9	25	
936	0	APA0	2	1	0	6	1	16	4	3	6	54	
925	0	APA0	2	1	0	56	1	5	4	1	8	24	
934	0	APA0	2	1	0	7	1	14	4	3	7	55	
923	0	APA0	2	1	0	55	1	3	4	1	7	23	
932	0	APA0	2	1	0	8	1	12	4	3	8	56	
921	0	APA0	2	1	0	54	1	1	4	1	6	22	
930	0	APA0	2	1	0	9	1	10	4	3	9	57	
1755	0	APA0	2	1	0	53	2	11	4	1	5	21	
1766	0	APA0	2	1	0	10	2	22	4	3	10	58	
920	0	APA0	2	1	0	25	1	0	4	0	9	9	
931	0	APA0	2	1	0	38	1	11	4	2	6	38	
922	0	APA0	2	1	0	24	1	2	4	0	8	8	
933	0	APA0	2	1	0	39	1	13	4	2	7	39	
924	0	APA0	2	1	0	23	1	4	4	0	7	7	
935	0	APA0	2	1	0	40	1	15	4	2	8	40	
926	0	APA0	2	1	0	22	1	6	4	0	6	6	
937	0	APA0	2	1	0	41	1	17	4	2	9	41	
928	0	APA0	2	1	0	21	1	8	4	0	5	5	
939	0	APA0	2	1	0	42	1	19	4	2	10	42	
940	0	APA0	2	1	0	73	1	20	4	4	9	73	
951	0	APA0	2	1	0	118	1	31	4	6	6	102	
942	0	APA0	2	1	0	72	1	22	4	4	8	72	
953	0	APA0	2	1	0	119	1	33	4	6	7	103	
944	0	APA0	2	1	0	71	1	24	4	4	7	71	
955	0	APA0	2	1	0	120	1	35	4	6	8	104	
946	0	APA0	2	1	0	70	1	26	4	4	6	70	
957	0	APA0	2	1	0	121	1	37	4	6	9	105	
948	0	APA0	2	1	0	69	1	28	4	4	5	69	
959	0	APA0	2	1	0	122	1	39	4	6	10	106	
947	0	APA0	2	1	0	105	1	27	4	5	9	89	
956	0	APA0	2	1	0	86	1	36	4	7	6	118	
945	0	APA0	2	1	0	104	1	25	4	5	8	88	
954	0	APA0	2	1	0	87	1	34	4	7	7	119	
943	0	APA0	2	1	0	103	1	23	4	5	7	87	
952	0	APA0	2	1	0	88	1	32	4	7	8	120	
941	0	APA0	2	1	0	102	1	21	4	5	6	86	
950	0	APA0	2	1	0	89	1	30	4	7	9	121	
1779	0	APA0	2	1	0	101	2	35	4	5	5	85	
1790	0	APA0	2	1	0	90	2	46	4	7	10	122	
270	0	APA0	2	1	0	63	0	9	4	1	15	31	
261	0	APA0	2	1	0	0	0	18	4	3	0	48	
272	0	APA0	2	1	0	62	0	7	4	1	14	30	
263	0	APA0	2	1	0	1	0	16	4	3	1	49	
274	0	APA0	2	1	0	61	0	5	4	1	13	29	
265	0	APA0	2	1	0	2	0	14	4	3	2	50	
276	0	APA0	2	1	0	60	0	3	4	1	12	28	
267	0	APA0	2	1	0	3	0	12	4	3	3	51	
278	0	APA0	2	1	0	59	0	1	4	1	11	27	
269	0	APA0	2	1	0	4	0	10	4	3	4	52	
929	0	APA0	2	1	0	58	1	9	4	1	10	26	
938	0	APA0	2	1	0	5	1	18	4	3	5	53	
1744	0	APA0	2	1	0	31	2	0	4	0	15	15	
1757	0	APA0	2	1	0	32	2	13	4	2	0	32	
1746	0	APA0	2	1	0	30	2	2	4	0	14	14	
1759	0	APA0	2	1	0	33	2	15	4	2	1	33	
1748	0	APA0	2	1	0	29	2	4	4	0	13	13	
1761	0	APA0	2	1	0	34	2	17	4	2	2	34	
1750	0	APA0	2	1	0	28	2	6	4	0	12	12	
1763	0	APA0	2	1	0	35	2	19	4	2	3	35	
1752	0	APA0	2	1	0	27	2	8	4	0	11	11	
1765	0	APA0	2	1	0	36	2	21	4	2	4	36	
1754	0	APA0	2	1	0	26	2	10	4	0	10	10	
1767	0	APA0	2	1	0	37	2	23	4	2	5	37	
1768	0	APA0	2	1	0	79	2	24	4	4	15	79	
1781	0	APA0	2	1	0	112	2	37	4	6	0	96	
1770	0	APA0	2	1	0	78	2	26	4	4	14	78	
1783	0	APA0	2	1	0	113	2	39	4	6	1	97	
1772	0	APA0	2	1	0	77	2	28	4	4	13	77	
1785	0	APA0	2	1	0	114	2	41	4	6	2	98	
1774	0	APA0	2	1	0	76	2	30	4	4	12	76	
1787	0	APA0	2	1	0	115	2	43	4	6	3	99	
1776	0	APA0	2	1	0	75	2	32	4	4	11	75	
1789	0	APA0	2	1	0	116	2	45	4	6	4	100	
1778	0	APA0	2	1	0	74	2	34	4	4	10	74	
1791	0	APA0	2	1	0	117	2	47	4	6	5	101	
250	0	APA0	2	1	0	111	0	29	4	5	15	95	
241	0	APA0	2	1	0	80	0	38	4	7	0	112	
252	0	APA0	2	1	0	110	0	27	4	5	14	94	
243	0	APA0	2	1	0	81	0	36	4	7	1	113	
254	0	APA0	2	1	0	109	0	25	4	5	13	93	
245	0	APA0	2	1	0	82	0	34	4	7	2	114	
256	0	APA0	2	1	0	108	0	23	4	5	12	92	
247	0	APA0	2	1	0	83	0	32	4	7	3	115	
258	0	APA0	2	1	0	107	0	21	4	5	11	91	
249	0	APA0	2	1	0	84	0	30	4	7	4	116	
949	0	APA0	2	1	0	106	1	29	4	5	10	90	
958	0	APA0	2	1	0	85	1	38	4	7	5	117	
1801	0	APA0	1	0	1	52	2	9	5	1	4	148	
1812	0	APA0	1	0	1	11	2	20	5	3	11	187	
1799	0	APA0	1	0	1	51	2	7	5	1	3	147	
1810	0	APA0	1	0	1	12	2	18	5	3	12	188	
1797	0	APA0	1	0	1	50	2	5	5	1	2	146	
1808	0	APA0	1	0	1	13	2	16	5	3	13	189	
1795	0	APA0	1	0	1	49	2	3	5	1	1	145	
1806	0	APA0	1	0	1	14	2	14	5	3	14	190	
1793	0	APA0	1	0	1	48	2	1	5	1	0	144	
1804	0	APA0	1	0	1	15	2	12	5	3	15	191	
239	0	APA0	1	0	1	20	0	0	5	0	4	132	
228	0	APA0	1	0	1	43	0	11	5	2	11	171	
237	0	APA0	1	0	1	19	0	2	5	0	3	131	
226	0	APA0	1	0	1	44	0	13	5	2	12	172	
235	0	APA0	1	0	1	18	0	4	5	0	2	130	
224	0	APA0	1	0	1	45	0	15	5	2	13	173	
233	0	APA0	1	0	1	17	0	6	5	0	1	129	
222	0	APA0	1	0	1	46	0	17	5	2	14	174	
231	0	APA0	1	0	1	16	0	8	5	0	0	128	
220	0	APA0	1	0	1	47	0	19	5	2	15	175	
219	0	APA0	1	0	1	68	0	20	5	4	4	196	
208	0	APA0	1	0	1	123	0	31	5	6	11	235	
217	0	APA0	1	0	1	67	0	22	5	4	3	195	
206	0	APA0	1	0	1	124	0	33	5	6	12	236	
215	0	APA0	1	0	1	66	0	24	5	4	2	194	
204	0	APA0	1	0	1	125	0	35	5	6	13	237	
213	0	APA0	1	0	1	65	0	26	5	4	1	193	
202	0	APA0	1	0	1	126	0	37	5	6	14	238	
211	0	APA0	1	0	1	64	0	28	5	4	0	192	
200	0	APA0	1	0	1	127	0	39	5	6	15	239	
1825	0	APA0	1	0	1	100	2	33	5	5	4	212	
1836	0	APA0	1	0	1	91	2	44	5	7	11	251	
1823	0	APA0	1	0	1	99	2	31	5	5	3	211	
1834	0	APA0	1	0	1	92	2	42	5	7	12	252	
1821	0	APA0	1	0	1	98	2	29	5	5	2	210	
1832	0	APA0	1	0	1	93	2	40	5	7	13	253	
1819	0	APA0	1	0	1	97	2	27	5	5	1	209	
1830	0	APA0	1	0	1	94	2	38	5	7	14	254	
1817	0	APA0	1	0	1	96	2	25	5	5	0	208	
1828	0	APA0	1	0	1	95	2	36	5	7	15	255	
967	0	APA0	1	0	1	57	1	7	5	1	9	153	
976	0	APA0	1	0	1	6	1	16	5	3	6	182	
965	0	APA0	1	0	1	56	1	5	5	1	8	152	
974	0	APA0	1	0	1	7	1	14	5	3	7	183	
963	0	APA0	1	0	1	55	1	3	5	1	7	151	
972	0	APA0	1	0	1	8	1	12	5	3	8	184	
961	0	APA0	1	0	1	54	1	1	5	1	6	150	
970	0	APA0	1	0	1	9	1	10	5	3	9	185	
1803	0	APA0	1	0	1	53	2	11	5	1	5	149	
1814	0	APA0	1	0	1	10	2	22	5	3	10	186	
960	0	APA0	1	0	1	25	1	0	5	0	9	137	
971	0	APA0	1	0	1	38	1	11	5	2	6	166	
962	0	APA0	1	0	1	24	1	2	5	0	8	136	
973	0	APA0	1	0	1	39	1	13	5	2	7	167	
964	0	APA0	1	0	1	23	1	4	5	0	7	135	
975	0	APA0	1	0	1	40	1	15	5	2	8	168	
966	0	APA0	1	0	1	22	1	6	5	0	6	134	
977	0	APA0	1	0	1	41	1	17	5	2	9	169	
968	0	APA0	1	0	1	21	1	8	5	0	5	133	
979	0	APA0	1	0	1	42	1	19	5	2	10	170	
980	0	APA0	1	0	1	73	1	20	5	4	9	201	
991	0	APA0	1	0	1	118	1	31	5	6	6	230	
982	0	APA0	1	0	1	72	1	22	5	4	8	200	
993	0	APA0	1	0	1	119	1	33	5	6	7	231	
984	0	APA0	1	0	1	71	1	24	5	4	7	199	
995	0	APA0	1	0	1	120	1	35	5	6	8	232	
986	0	APA0	1	0	1	70	1	26	5	4	6	198	
997	0	APA0	1	0	1	121	1	37	5	6	9	233	
988	0	APA0	1	0	1	69	1	28	5	4	5	197	
999	0	APA0	1	0	1	122	1	39	5	6	10	234	
987	0	APA0	1	0	1	105	1	27	5	5	9	217	
996	0	APA0	1	0	1	86	1	36	5	7	6	246	
985	0	APA0	1	0	1	104	1	25	5	5	8	216	
994	0	APA0	1	0	1	87	1	34	5	7	7	247	
983	0	APA0	1	0	1	103	1	23	5	5	7	215	
992	0	APA0	1	0	1	88	1	32	5	7	8	248	
981	0	APA0	1	0	1	102	1	21	5	5	6	214	
990	0	APA0	1	0	1	89	1	30	5	7	9	249	
1827	0	APA0	1	0	1	101	2	35	5	5	5	213	
1838	0	APA0	1	0	1	90	2	46	5	7	10	250	
230	0	APA0	1	0	1	63	0	9	5	1	15	159	
221	0	APA0	1	0	1	0	0	18	5	3	0	176	
232	0	APA0	1	0	1	62	0	7	5	1	14	158	
223	0	APA0	1	0	1	1	0	16	5	3	1	177	
234	0	APA0	1	0	1	61	0	5	5	1	13	157	
225	0	APA0	1	0	1	2	0	14	5	3	2	178	
236	0	APA0	1	0	1	60	0	3	5	1	12	156	
227	0	APA0	1	0	1	3	0	12	5	3	3	179	
238	0	APA0	1	0	1	59	0	1	5	1	11	155	
229	0	APA0	1	0	1	4	0	10	5	3	4	180	
969	0	APA0	1	0	1	58	1	9	5	1	10	154	
978	0	APA0	1	0	1	5	1	18	5	3	5	181	
1792	0	APA0	1	0	1	31	2	0	5	0	15	143	
1805	0	APA0	1	0	1	32	2	13	5	2	0	160	
1794	0	APA0	1	0	1	30	2	2	5	0	14	142	
1807	0	APA0	1	0	1	33	2	15	5	2	1	161	
1796	0	APA0	1	0	1	29	2	4	5	0	13	141	
1809	0	APA0	1	0	1	34	2	17	5	2	2	162	
1798	0	APA0	1	0	1	28	2	6	5	0	12	140	
1811	0	APA0	1	0	1	35	2	19	5	2	3	163	
1800	0	APA0	1	0	1	27	2	8	5	0	11	139	
1813	0	APA0	1	0	1	36	2	21	5	2	4	164	
1802	0	APA0	1	0	1	26	2	10	5	0	10	138	
1815	0	APA0	1	0	1	37	2	23	5	2	5	165	
1816	0	APA0	1	0	1	79	2	24	5	4	15	207	
1829	0	APA0	1	0	1	112	2	37	5	6	0	224	
1818	0	APA0	1	0	1	78	2	26	5	4	14	206	
1831	0	APA0	1	0	1	113	2	39	5	6	1	225	
1820	0	APA0	1	0	1	77	2	28	5	4	13	205	
1833	0	APA0	1	0	1	114	2	41	5	6	2	226	
1822	0	APA0	1	0	1	76	2	30	5	4	12	204	
1835	0	APA0	1	0	1	115	2	43	5	6	3	227	
1824	0	APA0	1	0	1	75	2	32	5	4	11	203	
1837	0	APA0	1	0	1	116	2	45	5	6	4	228	
1826	0	APA0	1	0	1	74	2	34	5	4	10	202	
1839	0	APA0	1	0	1	117	2	47	5	6	5	229	
210	0	APA0	1	0	1	111	0	29	5	5	15	223	
201	0	APA0	1	0	1	80	0	38	5	7	0	240	
212	0	APA0	1	0	1	110	0	27	5	5	14	222	
203	0	APA0	1	0	1	81	0	36	5	7	1	241	
214	0	APA0	1	0	1	109	0	25	5	5	13	221	
205	0	APA0	1	0	1	82	0	34	5	7	2	242	
216	0	APA0	1	0	1	108	0	23	5	5	12	220	
207	0	APA0	1	0	1	83	0	32	5	7	3	243	
218	0	APA0	1	0	1	107	0	21	5	5	11	219	
209	0	APA0	1	0	1	84	0	30	5	7	4	244	
989	0	APA0	1	0	1	106	1	29	5	5	10	218	
998	0	APA0	1	0	1	85	1	38	5	7	5	245	
1849	0	APA0	1	0	0	52	2	9	6	1	4	20	
1860	0	APA0	1	0	0	11	2	20	6	3	11	59	
1847	0	APA0	1	0	0	51	2	7	6	1	3	19	
1858	0	APA0	1	0	0	12	2	18	6	3	12	60	
1845	0	APA0	1	0	0	50	2	5	6	1	2	18	
1856	0	APA0	1	0	0	13	2	16	6	3	13	61	
1843	0	APA0	1	0	0	49	2	3	6	1	1	17	
1854	0	APA0	1	0	0	14	2	14	6	3	14	62	
1841	0	APA0	1	0	0	48	2	1	6	1	0	16	
1852	0	APA0	1	0	0	15	2	12	6	3	15	63	
199	0	APA0	1	0	0	20	0	0	6	0	4	4	
188	0	APA0	1	0	0	43	0	11	6	2	11	43	
197	0	APA0	1	0	0	19	0	2	6	0	3	3	
186	0	APA0	1	0	0	44	0	13	6	2	12	44	
195	0	APA0	1	0	0	18	0	4	6	0	2	2	
184	0	APA0	1	0	0	45	0	15	6	2	13	45	
193	0	APA0	1	0	0	17	0	6	6	0	1	1	
182	0	APA0	1	0	0	46	0	17	6	2	14	46	
191	0	APA0	1	0	0	16	0	8	6	0	0	0	
180	0	APA0	1	0	0	47	0	19	6	2	15	47	
179	0	APA0	1	0	0	68	0	20	6	4	4	68	
168	0	APA0	1	0	0	123	0	31	6	6	11	107	
177	0	APA0	1	0	0	67	0	22	6	4	3	67	
166	0	APA0	1	0	0	124	0	33	6	6	12	108	
175	0	APA0	1	0	0	66	0	24	6	4	2	66	
164	0	APA0	1	0	0	125	0	35	6	6	13	109	
173	0	APA0	1	0	0	65	0	26	6	4	1	65	
162	0	APA0	1	0	0	126	0	37	6	6	14	110	
171	0	APA0	1	0	0	64	0	28	6	4	0	64	
160	0	APA0	1	0	0	127	0	39	6	6	15	111	
1873	0	APA0	1	0	0	100	2	33	6	5	4	84	
1884	0	APA0	1	0	0	91	2	44	6	7	11	123	
1871	0	APA0	1	0	0	99	2	31	6	5	3	83	
1882	0	APA0	1	0	0	92	2	42	6	7	12	124	
1869	0	APA0	1	0	0	98	2	29	6	5	2	82	
1880	0	APA0	1	0	0	93	2	40	6	7	13	125	
1867	0	APA0	1	0	0	97	2	27	6	5	1	81	
1878	0	APA0	1	0	0	94	2	38	6	7	14	126	
1865	0	APA0	1	0	0	96	2	25	6	5	0	80	
1876	0	APA0	1	0	0	95	2	36	6	7	15	127	
1007	0	APA0	1	0	0	57	1	7	6	1	9	25	
1016	0	APA0	1	0	0	6	1	16	6	3	6	54	
1005	0	APA0	1	0	0	56	1	5	6	1	8	24	
1014	0	APA0	1	0	0	7	1	14	6	3	7	55	
1003	0	APA0	1	0	0	55	1	3	6	1	7	23	
1012	0	APA0	1	0	0	8	1	12	6	3	8	56	
1001	0	APA0	1	0	0	54	1	1	6	1	6	22	
1010	0	APA0	1	0	0	9	1	10	6	3	9	57	
1851	0	APA0	1	0	0	53	2	11	6	1	5	21	
1862	0	APA0	1	0	0	10	2	22	6	3	10	58	
1000	0	APA0	1	0	0	25	1	0	6	0	9	9	
1011	0	APA0	1	0	0	38	1	11	6	2	6	38	
1002	0	APA0	1	0	0	24	1	2	6	0	8	8	
1013	0	APA0	1	0	0	39	1	13	6	2	7	39	
1004	0	APA0	1	0	0	23	1	4	6	0	7	7	
1015	0	APA0	1	0	0	40	1	15	6	2	8	40	
1006	0	APA0	1	0	0	22	1	6	6	0	6	6	
1017	0	APA0	1	0	0	41	1	17	6	2	9	41	
1008	0	APA0	1	0	0	21	1	8	6	0	5	5	
1019	0	APA0	1	0	0	42	1	19	6	2	10	42	
1020	0	APA0	1	0	0	73	1	20	6	4	9	73	
1031	0	APA0	1	0	0	118	1	31	6	6	6	102	
1022	0	APA0	1	0	0	72	1	22	6	4	8	72	
1033	0	APA0	1	0	0	119	1	33	6	6	7	103	
1024	0	APA0	1	0	0	71	1	24	6	4	7	71	
1035	0	APA0	1	0	0	120	1	35	6	6	8	104	
1026	0	APA0	1	0	0	70	1	26	6	4	6	70	
1037	0	APA0	1	0	0	121	1	37	6	6	9	105	
1028	0	APA0	1	0	0	69	1	28	6	4	5	69	
1039	0	APA0	1	0	0	122	1	39	6	6	10	106	
1027	0	APA0	1	0	0	105	1	27	6	5	9	89	
1036	0	APA0	1	0	0	86	1	36	6	7	6	118	
1025	0	APA0	1	0	0	104	1	25	6	5	8	88	
1034	0	APA0	1	0	0	87	1	34	6	7	7	119	
1023	0	APA0	1	0	0	103	1	23	6	5	7	87	
1032	0	APA0	1	0	0	88	1	32	6	7	8	120	
1021	0	APA0	1	0	0	102	1	21	6	5	6	86	
1030	0	APA0	1	0	0	89	1	30	6	7	9	121	
1875	0	APA0	1	0	0	101	2	35	6	5	5	85	
1886	0	APA0	1	0	0	90	2	46	6	7	10	122	
190	0	APA0	1	0	0	63	0	9	6	1	15	31	
181	0	APA0	1	0	0	0	0	18	6	3	0	48	
192	0	APA0	1	0	0	62	0	7	6	1	14	30	
183	0	APA0	1	0	0	1	0	16	6	3	1	49	
194	0	APA0	1	0	0	61	0	5	6	1	13	29	
185	0	APA0	1	0	0	2	0	14	6	3	2	50	
196	0	APA0	1	0	0	60	0	3	6	1	12	28	
187	0	APA0	1	0	0	3	0	12	6	3	3	51	
198	0	APA0	1	0	0	59	0	1	6	1	11	27	
189	0	APA0	1	0	0	4	0	10	6	3	4	52	
1009	0	APA0	1	0	0	58	1	9	6	1	10	26	
1018	0	APA0	1	0	0	5	1	18	6	3	5	53	
1840	0	APA0	1	0	0	31	2	0	6	0	15	15	
1853	0	APA0	1	0	0	32	2	13	6	2	0	32	
1842	0	APA0	1	0	0	30	2	2	6	0	14	14	
1855	0	APA0	1	0	0	33	2	15	6	2	1	33	
1844	0	APA0	1	0	0	29	2	4	6	0	13	13	
1857	0	APA0	1	0	0	34	2	17	6	2	2	34	
1846	0	APA0	1	0	0	28	2	6	6	0	12	12	
1859	0	APA0	1	0	0	35	2	19	6	2	3	35	
1848	0	APA0	1	0	0	27	2	8	6	0	11	11	
1861	0	APA0	1	0	0	36	2	21	6	2	4	36	
1850	0	APA0	1	0	0	26	2	10	6	0	10	10	
1863	0	APA0	1	0	0	37	2	23	6	2	5	37	
1864	0	APA0	1	0	0	79	2	24	6	4	15	79	
1877	0	APA0	1	0	0	112	2	37	6	6	0	96	
1866	0	APA0	1	0	0	78	2	26	6	4	14	78	
1879	0	APA0	1	0	0	113	2	39	6	6	1	97	
1868	0	APA0	1	0	0	77	2	28	6	4	13	77	
1881	0	APA0	1	0	0	114	2	41	6	6	2	98	
1870	0	APA0	1	0	0	76	2	30	6	4	12	76	
1883	0	APA0	1	0	0	115	2	43	6	6	3	99	
1872	0	APA0	1	0	0	75	2	32	6	4	11	75	
1885	0	APA0	1	0	0	116	2	45	6	6	4	100	
1874	0	APA0	1	0	0	74	2	34	6	4	10	74	
1887	0	APA0	1	0	0	117	2	47	6	6	5	101	
170	0	APA0	1	0	0	111	0	29	6	5	15	95	
161	0	APA0	1	0	0	80	0	38	6	7	0	112	
172	0	APA0	1	0	0	110	0	27	6	5	14	94	
163	0	APA0	1	0	0	81	0	36	6	7	1	113	
174	0	APA0	1	0	0	109	0	25	6	5	13	93	
165	0	APA0	1	0	0	82	0	34	6	7	2	114	
176	0	APA0	1	0	0	108	0	23	6	5	12	92	
167	0	APA0	1	0	0	83	0	32	6	7	3	115	
178	0	APA0	1	0	0	107	0	21	6	5	11	91	
169	0	APA0	1	0	0	84	0	30	6	7	4	116	
1029	0	APA0	1	0	0	106	1	29	6	5	10	90	
1038	0	APA0	1	0	0	85	1	38	6	7	5	117	
1897	0	APA0	2	0	1	52	2	9	7	1	4	148	
1908	0	APA0	2	0	1	11	2	20	7	3	11	187	
1895	0	APA0	2	0	1	51	2	7	7	1	3	147	
1906	0	APA0	2	0	1	12	2	18	7	3	12	188	
1893	0	APA0	2	0	1	50	2	5	7	1	2	146	
1904	0	APA0	2	0	1	13	2	16	7	3	13	189	
1891	0	APA0	2	0	1	49	2	3	7	1	1	145	
1902	0	APA0	2	0	1	14	2	14	7	3	14	190	
1889	0	APA0	2	0	1	48	2	1	7	1	0	144	
1900	0	APA0	2	0	1	15	2	12	7	3	15	191	
159	0	APA0	2	0	1	20	0	0	7	0	4	132	
148	0	APA0	2	0	1	43	0	11	7	2	11	171	
157	0	APA0	2	0	1	19	0	2	7	0	3	131	
146	0	APA0	2	0	1	44	0	13	7	2	12	172	
155	0	APA0	2	0	1	18	0	4	7	0	2	130	
144	0	APA0	2	0	1	45	0	15	7	2	13	173	
153	0	APA0	2	0	1	17	0	6	7	0	1	129	
142	0	APA0	2	0	1	46	0	17	7	2	14	174	
151	0	APA0	2	0	1	16	0	8	7	0	0	128	
140	0	APA0	2	0	1	47	0	19	7	2	15	175	
139	0	APA0	2	0	1	68	0	20	7	4	4	196	
128	0	APA0	2	0	1	123	0	31	7	6	11	235	
137	0	APA0	2	0	1	67	0	22	7	4	3	195	
126	0	APA0	2	0	1	124	0	33	7	6	12	236	
135	0	APA0	2	0	1	66	0	24	7	4	2	194	
124	0	APA0	2	0	1	125	0	35	7	6	13	237	
133	0	APA0	2	0	1	65	0	26	7	4	1	193	
122	0	APA0	2	0	1	126	0	37	7	6	14	238	
131	0	APA0	2	0	1	64	0	28	7	4	0	192	
120	0	APA0	2	0	1	127	0	39	7	6	15	239	
1921	0	APA0	2	0	1	100	2	33	7	5	4	212	
1932	0	APA0	2	0	1	91	2	44	7	7	11	251	
1919	0	APA0	2	0	1	99	2	31	7	5	3	211	
1930	0	APA0	2	0	1	92	2	42	7	7	12	252	
1917	0	APA0	2	0	1	98	2	29	7	5	2	210	
1928	0	APA0	2	0	1	93	2	40	7	7	13	253	
1915	0	APA0	2	0	1	97	2	27	7	5	1	209	
1926	0	APA0	2	0	1	94	2	38	7	7	14	254	
1913	0	APA0	2	0	1	96	2	25	7	5	0	208	
1924	0	APA0	2	0	1	95	2	36	7	7	15	255	
1047	0	APA0	2	0	1	57	1	7	7	1	9	153	
1056	0	APA0	2	0	1	6	1	16	7	3	6	182	
1045	0	APA0	2	0	1	56	1	5	7	1	8	152	
1054	0	APA0	2	0	1	7	1	14	7	3	7	183	
1043	0	APA0	2	0	1	55	1	3	7	1	7	151	
1052	0	APA0	2	0	1	8	1	12	7	3	8	184	
1041	0	APA0	2	0	1	54	1	1	7	1	6	150	
1050	0	APA0	2	0	1	9	1	10	7	3	9	185	
1899	0	APA0	2	0	1	53	2	11	7	1	5	149	
1910	0	APA0	2	0	1	10	2	22	7	3	10	186	
1040	0	APA0	2	0	1	25	1	0	7	0	9	137	
1051	0	APA0	2	0	1	38	1	11	7	2	6	166	
1042	0	APA0	2	0	1	24	1	2	7	0	8	136	
1053	0	APA0	2	0	1	39	1	13	7	2	7	167	
1044	0	APA0	2	0	1	23	1	4	7	0	7	135	
1055	0	APA0	2	0	1	40	1	15	7	2	8	168	
1046	0	APA0	2	0	1	22	1	6	7	0	6	134	
1057	0	APA0	2	0	1	41	1	17	7	2	9	169	
1048	0	APA0	2	0	1	21	1	8	7	0	5	133	
1059	0	APA0	2	0	1	42	1	19	7	2	10	170	
1060	0	APA0	2	0	1	73	1	20	7	4	9	201	
1071	0	APA0	2	0	1	118	1	31	7	6	6	230	
1062	0	APA0	2	0	1	72	1	22	7	4	8	200	
1073	0	APA0	2	0	1	119	1	33	7	6	7	231	
1064	0	APA0	2	0	1	71	1	24	7	4	7	199	
1075	0	APA0	2	0	1	120	1	35	7	6	8	232	
1066	0	APA0	2	0	1	70	1	26	7	4	6	198	
1077	0	APA0	2	0	1	121	1	37	7	6	9	233	
1068	0	APA0	2	0	1	69	1	28	7	4	5	197	
1079	0	APA0	2	0	1	122	1	39	7	6	10	234	
1067	0	APA0	2	0	1	105	1	27	7	5	9	217	
1076	0	APA0	2	0	1	86	1	36	7	7	6	246	
1065	0	APA0	2	0	1	104	1	25	7	5	8	216	
1074	0	APA0	2	0	1	87	1	34	7	7	7	247	
1063	0	APA0	2	0	1	103	1	23	7	5	7	215	
1072	0	APA0	2	0	1	88	1	32	7	7	8	248	
1061	0	APA0	2	0	1	102	1	21	7	5	6	214	
1070	0	APA0	2	0	1	89	1	30	7	7	9	249	
1923	0	APA0	2	0	1	101	2	35	7	5	5	213	
1934	0	APA0	2	0	1	90	2	46	7	7	10	250	
150	0	APA0	2	0	1	63	0	9	7	1	15	159	
141	0	APA0	2	0	1	0	0	18	7	3	0	176	
152	0	APA0	2	0	1	62	0	7	7	1	14	158	
143	0	APA0	2	0	1	1	0	16	7	3	1	177	
154	0	APA0	2	0	1	61	0	5	7	1	13	157	
145	0	APA0	2	0	1	2	0	14	7	3	2	178	
156	0	APA0	2	0	1	60	0	3	7	1	12	156	
147	0	APA0	2	0	1	3	0	12	7	3	3	179	
158	0	APA0	2	0	1	59	0	1	7	1	11	155	
149	0	APA0	2	0	1	4	0	10	7	3	4	180	
1049	0	APA0	2	0	1	58	1	9	7	1	10	154	
1058	0	APA0	2	0	1	5	1	18	7	3	5	181	
1888	0	APA0	2	0	1	31	2	0	7	0	15	143	
1901	0	APA0	2	0	1	32	2	13	7	2	0	160	
1890	0	APA0	2	0	1	30	2	2	7	0	14	142	
1903	0	APA0	2	0	1	33	2	15	7	2	1	161	
1892	0	APA0	2	0	1	29	2	4	7	0	13	141	
1905	0	APA0	2	0	1	34	2	17	7	2	2	162	
1894	0	APA0	2	0	1	28	2	6	7	0	12	140	
1907	0	APA0	2	0	1	35	2	19	7	2	3	163	
1896	0	APA0	2	0	1	27	2	8	7	0	11	139	
1909	0	APA0	2	0	1	36	2	21	7	2	4	164	
1898	0	APA0	2	0	1	26	2	10	7	0	10	138	
1911	0	APA0	2	0	1	37	2	23	7	2	5	165	
1912	0	APA0	2	0	1	79	2	24	7	4	15	207	
1925	0	APA0	2	0	1	112	2	37	7	6	0	224	
1914	0	APA0	2	0	1	78	2	26	7	4	14	206	
1927	0	APA0	2	0	1	113	2	39	7	6	1	225	
1916	0	APA0	2	0	1	77	2	28	7	4	13	205	
1929	0	APA0	2	0	1	114	2	41	7	6	2	226	
1918	0	APA0	2	0	1	76	2	30	7	4	12	204	
1931	0	APA0	2	0	1	115	2	43	7	6	3	227	
1920	0	APA0	2	0	1	75	2	32	7	4	11	203	
1933	0	APA0	2	0	1	116	2	45	7	6	4	228	
1922	0	APA0	2	0	1	74	2	34	7	4	10	202	
1935	0	APA0	2	0	1	117	2	47	7	6	5	229	
130	0	APA0	2	0	1	111	0	29	7	5	15	223	
121	0	APA0	2	0	1	80	0	38	7	7	0	240	
132	0	APA0	2	0	1	110	0	27	7	5	14	222	
123	0	APA0	2	0	1	81	0	36	7	7	1	241	
134	0	APA0	2	0	1	109	0	25	7	5	13	221	
125	0	APA0	2	0	1	82	0	34	7	7	2	242	
136	0	APA0	2	0	1	108	0	23	7	5	12	220	
127	0	APA0	2	0	1	83	0	32	7	7	3	243	
138	0	APA0	2	0	1	107	0	21	7	5	11	219	
129	0	APA0	2	0	1	84	0	30	7	7	4	244	
1069	0	APA0	2	0	1	106	1	29	7	5	10	218	
1078	0	APA0	2	0	1	85	1	38	7	7	5	245	
1945	0	APA0	2	0	0	52	2	9	8	1	4	20	
1956	0	APA0	2	0	0	11	2	20	8	3	11	59	
1943	0	APA0	2	0	0	51	2	7	8	1	3	19	
1954	0	APA0	2	0	0	12	2	18	8	3	12	60	
1941	0	APA0	2	0	0	50	2	5	8	1	2	18	
1952	0	APA0	2	0	0	13	2	16	8	3	13	61	
1939	0	APA0	2	0	0	49	2	3	8	1	1	17	
1950	0	APA0	2	0	0	14	2	14	8	3	14	62	
1937	0	APA0	2	0	0	48	2	1	8	1	0	16	
1948	0	APA0	2	0	0	15	2	12	8	3	15	63	
119	0	APA0	2	0	0	20	0	0	8	0	4	4	
108	0	APA0	2	0	0	43	0	11	8	2	11	43	
117	0	APA0	2	0	0	19	0	2	8	0	3	3	
106	0	APA0	2	0	0	44	0	13	8	2	12	44	
115	0	APA0	2	0	0	18	0	4	8	0	2	2	
104	0	APA0	2	0	0	45	0	15	8	2	13	45	
113	0	APA0	2	0	0	17	0	6	8	0	1	1	
102	0	APA0	2	0	0	46	0	17	8	2	14	46	
111	0	APA0	2	0	0	16	0	8	8	0	0	0	
100	0	APA0	2	0	0	47	0	19	8	2	15	47	
99	0	APA0	2	0	0	68	0	20	8	4	4	68	
88	0	APA0	2	0	0	123	0	31	8	6	11	107	
97	0	APA0	2	0	0	67	0	22	8	4	3	67	
86	0	APA0	2	0	0	124	0	33	8	6	12	108	
95	0	APA0	2	0	0	66	0	24	8	4	2	66	
84	0	APA0	2	0	0	125	0	35	8	6	13	109	
93	0	APA0	2	0	0	65	0	26	8	4	1	65	
82	0	APA0	2	0	0	126	0	37	8	6	14	110	
91	0	APA0	2	0	0	64	0	28	8	4	0	64	
80	0	APA0	2	0	0	127	0	39	8	6	15	111	
1969	0	APA0	2	0	0	100	2	33	8	5	4	84	
1980	0	APA0	2	0	0	91	2	44	8	7	11	123	
1967	0	APA0	2	0	0	99	2	31	8	5	3	83	
1978	0	APA0	2	0	0	92	2	42	8	7	12	124	
1965	0	APA0	2	0	0	98	2	29	8	5	2	82	
1976	0	APA0	2	0	0	93	2	40	8	7	13	125	
1963	0	APA0	2	0	0	97	2	27	8	5	1	81	
1974	0	APA0	2	0	0	94	2	38	8	7	14	126	
1961	0	APA0	2	0	0	96	2	25	8	5	0	80	
1972	0	APA0	2	0	0	95	2	36	8	7	15	127	
1087	0	APA0	2	0	0	57	1	7	8	1	9	25	
1096	0	APA0	2	0	0	6	1	16	8	3	6	54	
1085	0	APA0	2	0	0	56	1	5	8	1	8	24	
1094	0	APA0	2	0	0	7	1	14	8	3	7	55	
1083	0	APA0	2	0	0	55	1	3	8	1	7	23	
1092	0	APA0	2	0	0	8	1	12	8	3	8	56	
1081	0	APA0	2	0	0	54	1	1	8	1	6	22	
1090	0	APA0	2	0	0	9	1	10	8	3	9	57	
1947	0	APA0	2	0	0	53	2	11	8	1	5	21	
1958	0	APA0	2	0	0	10	2	22	8	3	10	58	
1080	0	APA0	2	0	0	25	1	0	8	0	9	9	
1091	0	APA0	2	0	0	38	1	11	8	2	6	38	
1082	0	APA0	2	0	0	24	1	2	8	0	8	8	
1093	0	APA0	2	0	0	39	1	13	8	2	7	39	
1084	0	APA0	2	0	0	23	1	4	8	0	7	7	
1095	0	APA0	2	0	0	40	1	15	8	2	8	40	
1086	0	APA0	2	0	0	22	1	6	8	0	6	6	
1097	0	APA0	2	0	0	41	1	17	8	2	9	41	
1088	0	APA0	2	0	0	21	1	8	8	0	5	5	
1099	0	APA0	2	0	0	42	1	19	8	2	10	42	
1100	0	APA0	2	0	0	73	1	20	8	4	9	73	
1111	0	APA0	2	0	0	118	1	31	8	6	6	102	
1102	0	APA0	2	0	0	72	1	22	8	4	8	72	
1113	0	APA0	2	0	0	119	1	33	8	6	7	103	
1104	0	APA0	2	0	0	71	1	24	8	4	7	71	
1115	0	APA0	2	0	0	120	1	35	8	6	8	104	
1106	0	APA0	2	0	0	70	1	26	8	4	6	70	
1117	0	APA0	2	0	0	121	1	37	8	6	9	105	
1108	0	APA0	2	0	0	69	1	28	8	4	5	69	
1119	0	APA0	2	0	0	122	1	39	8	6	10	106	
1107	0	APA0	2	0	0	105	1	27	8	5	9	89	
1116	0	APA0	2	0	0	86	1	36	8	7	6	118	
1105	0	APA0	2	0	0	104	1	25	8	5	8	88	
1114	0	APA0	2	0	0	87	1	34	8	7	7	119	
1103	0	APA0	2	0	0	103	1	23	8	5	7	87	
1112	0	APA0	2	0	0	88	1	32	8	7	8	120	
1101	0	APA0	2	0	0	102	1	21	8	5	6	86	
1110	0	APA0	2	0	0	89	1	30	8	7	9	121	
1971	0	APA0	2	0	0	101	2	35	8	5	5	85	
1982	0	APA0	2	0	0	90	2	46	8	7	10	122	
110	0	APA0	2	0	0	63	0	9	8	1	15	31	
101	0	APA0	2	0	0	0	0	18	8	3	0	48	
112	0	APA0	2	0	0	62	0	7	8	1	14	30	
103	0	APA0	2	0	0	1	0	16	8	3	1	49	
114	0	APA0	2	0	0	61	0	5	8	1	13	29	
105	0	APA0	2	0	0	2	0	14	8	3	2	50	
116	0	APA0	2	0	0	60	0	3	8	1	12	28	
107	0	APA0	2	0	0	3	0	12	8	3	3	51	
118	0	APA0	2	0	0	59	0	1	8	1	11	27	
109	0	APA0	2	0	0	4	0	10	8	3	4	52	
1089	0	APA0	2	0	0	58	1	9	8	1	10	26	
1098	0	APA0	2	0	0	5	1	18	8	3	5	53	
1936	0	APA0	2	0	0	31	2	0	8	0	15	15	
1949	0	APA0	2	0	0	32	2	13	8	2	0	32	
1938	0	APA0	2	0	0	30	2	2	8	0	14	14	
1951	0	APA0	2	0	0	33	2	15	8	2	1	33	
1940	0	APA0	2	0	0	29	2	4	8	0	13	13	
1953	0	APA0	2	0	0	34	2	17	8	2	2	34	
1942	0	APA0	2	0	0	28	2	6	8	0	12	12	
1955	0	APA0	2	0	0	35	2	19	8	2	3	35	
1944	0	APA0	2	0	0	27	2	8	8	0	11	11	
1957	0	APA0	2	0	0	36	2	21	8	2	4	36	
1946	0	APA0	2	0	0	26	2	10	8	0	10	10	
1959	0	APA0	2	0	0	37	2	23	8	2	5	37	
1960	0	APA0	2	0	0	79	2	24	8	4	15	79	
1973	0	APA0	2	0	0	112	2	37	8	6	0	96	
1962	0	APA0	2	0	0	78	2	26	8	4	14	78	
1975	0	APA0	2	0	0	113	2	39	8	6	1	97	
1964	0	APA0	2	0	0	77	2	28	8	4	13	77	
1977	0	APA0	2	0	0	114	2	41	8	6	2	98	
1966	0	APA0	2	0	0	76	2	30	8	4	12	76	
1979	0	APA0	2	0	0	115	2	43	8	6	3	99	
1968	0	APA0	2	0	0	75	2	32	8	4	11	75	
1981	0	APA0	2	0	0	116	2	45	8	6	4	100	
1970	0	APA0	2	0	0	74	2	34	8	4	10	74	
1983	0	APA0	2	0	0	117	2	47	8	6	5	101	
90	0	APA0	2	0	0	111	0	29	8	5	15	95	
81	0	APA0	2	0	0	80	0	38	8	7	0	112	
92	0	APA0	2	0	0	110	0	27	8	5	14	94	
83	0	APA0	2	0	0	81	0	36	8	7	1	113	
94	0	APA0	2	0	0	109	0	25	8	5	13	93	
85	0	APA0	2	0	0	82	0	34	8	7	2	114	
96	0	APA0	2	0	0	108	0	23	8	5	12	92	
87	0	APA0	2	0	0	83	0	32	8	7	3	115	
98	0	APA0	2	0	0	107	0	21	8	5	11	91	
89	0	APA0	2	0	0	84	0	30	8	7	4	116	
1109	0	APA0	2	0	0	106	1	29	8	5	10	90	
1118	0	APA0	2	0	0	85	1	38	8	7	5	117	
1993	0	APA0	3	1	1	52	2	9	9	1	4	148	
2004	0	APA0	3	1	1	11	2	20	9	3	11	187	
1991	0	APA0	3	1	1	51	2	7	9	1	3	147	
2002	0	APA0	3	1	1	12	2	18	9	3	12	188	
1989	0	APA0	3	1	1	50	2	5	9	1	2	146	
2000	0	APA0	3	1	1	13	2	16	9	3	13	189	
1987	0	APA0	3	1	1	49	2	3	9	1	1	145	
1998	0	APA0	3	1	1	14	2	14	9	3	14	190	
1985	0	APA0	3	1	1	48	2	1	9	1	0	144	
1996	0	APA0	3	1	1	15	2	12	9	3	15	191	
79	0	APA0	3	1	1	20	0	0	9	0	4	132	
68	0	APA0	3	1	1	43	0	11	9	2	11	171	
77	0	APA0	3	1	1	19	0	2	9	0	3	131	
66	0	APA0	3	1	1	44	0	13	9	2	12	172	
75	0	APA0	3	1	1	18	0	4	9	0	2	130	
64	0	APA0	3	1	1	45	0	15	9	2	13	173	
73	0	APA0	3	1	1	17	0	6	9	0	1	129	
62	0	APA0	3	1	1	46	0	17	9	2	14	174	
71	0	APA0	3	1	1	16	0	8	9	0	0	128	
60	0	APA0	3	1	1	47	0	19	9	2	15	175	
59	0	APA0	3	1	1	68	0	20	9	4	4	196	
48	0	APA0	3	1	1	123	0	31	9	6	11	235	
57	0	APA0	3	1	1	67	0	22	9	4	3	195	
46	0	APA0	3	1	1	124	0	33	9	6	12	236	
55	0	APA0	3	1	1	66	0	24	9	4	2	194	
44	0	APA0	3	1	1	125	0	35	9	6	13	237	
53	0	APA0	3	1	1	65	0	26	9	4	1	193	
42	0	APA0	3	1	1	126	0	37	9	6	14	238	
51	0	APA0	3	1	1	64	0	28	9	4	0	192	
40	0	APA0	3	1	1	127	0	39	9	6	15	239	
2017	0	APA0	3	1	1	100	2	33	9	5	4	212	
2028	0	APA0	3	1	1	91	2	44	9	7	11	251	
2015	0	APA0	3	1	1	99	2	31	9	5	3	211	
2026	0	APA0	3	1	1	92	2	42	9	7	12	252	
2013	0	APA0	3	1	1	98	2	29	9	5	2	210	
2024	0	APA0	3	1	1	93	2	40	9	7	13	253	
2011	0	APA0	3	1	1	97	2	27	9	5	1	209	
2022	0	APA0	3	1	1	94	2	38	9	7	14	254	
2009	0	APA0	3	1	1	96	2	25	9	5	0	208	
2020	0	APA0	3	1	1	95	2	36	9	7	15	255	
1127	0	APA0	3	1	1	57	1	7	9	1	9	153	
1136	0	APA0	3	1	1	6	1	16	9	3	6	182	
1125	0	APA0	3	1	1	56	1	5	9	1	8	152	
1134	0	APA0	3	1	1	7	1	14	9	3	7	183	
1123	0	APA0	3	1	1	55	1	3	9	1	7	151	
1132	0	APA0	3	1	1	8	1	12	9	3	8	184	
1121	0	APA0	3	1	1	54	1	1	9	1	6	150	
1130	0	APA0	3	1	1	9	1	10	9	3	9	185	
1995	0	APA0	3	1	1	53	2	11	9	1	5	149	
2006	0	APA0	3	1	1	10	2	22	9	3	10	186	
1120	0	APA0	3	1	1	25	1	0	9	0	9	137	
1131	0	APA0	3	1	1	38	1	11	9	2	6	166	
1122	0	APA0	3	1	1	24	1	2	9	0	8	136	
1133	0	APA0	3	1	1	39	1	13	9	2	7	167	
1124	0	APA0	3	1	1	23	1	4	9	0	7	135	
1135	0	APA0	3	1	1	40	1	15	9	2	8	168	
1126	0	APA0	3	1	1	22	1	6	9	0	6	134	
1137	0	APA0	3	1	1	41	1	17	9	2	9	169	
1128	0	APA0	3	1	1	21	1	8	9	0	5	133	
1139	0	APA0	3	1	1	42	1	19	9	2	10	170	
1140	0	APA0	3	1	1	73	1	20	9	4	9	201	
1151	0	APA0	3	1	1	118	1	31	9	6	6	230	
1142	0	APA0	3	1	1	72	1	22	9	4	8	200	
1153	0	APA0	3	1	1	119	1	33	9	6	7	231	
1144	0	APA0	3	1	1	71	1	24	9	4	7	199	
1155	0	APA0	3	1	1	120	1	35	9	6	8	232	
1146	0	APA0	3	1	1	70	1	26	9	4	6	198	
1157	0	APA0	3	1	1	121	1	37	9	6	9	233	
1148	0	APA0	3	1	1	69	1	28	9	4	5	197	
1159	0	APA0	3	1	1	122	1	39	9	6	10	234	
1147	0	APA0	3	1	1	105	1	27	9	5	9	217	
1156	0	APA0	3	1	1	86	1	36	9	7	6	246	
1145	0	APA0	3	1	1	104	1	25	9	5	8	216	
1154	0	APA0	3	1	1	87	1	34	9	7	7	247	
1143	0	APA0	3	1	1	103	1	23	9	5	7	215	
1152	0	APA0	3	1	1	88	1	32	9	7	8	248	
1141	0	APA0	3	1	1	102	1	21	9	5	6	214	
1150	0	APA0	3	1	1	89	1	30	9	7	9	249	
2019	0	APA0	3	1	1	101	2	35	9	5	5	213	
2030	0	APA0	3	1	1	90	2	46	9	7	10	250	
70	0	APA0	3	1	1	63	0	9	9	1	15	159	
61	0	APA0	3	1	1	0	0	18	9	3	0	176	
72	0	APA0	3	1	1	62	0	7	9	1	14	158	
63	0	APA0	3	1	1	1	0	16	9	3	1	177	
74	0	APA0	3	1	1	61	0	5	9	1	13	157	
65	0	APA0	3	1	1	2	0	14	9	3	2	178	
76	0	APA0	3	1	1	60	0	3	9	1	12	156	
67	0	APA0	3	1	1	3	0	12	9	3	3	179	
78	0	APA0	3	1	1	59	0	1	9	1	11	155	
69	0	APA0	3	1	1	4	0	10	9	3	4	180	
1129	0	APA0	3	1	1	58	1	9	9	1	10	154	
1138	0	APA0	3	1	1	5	1	18	9	3	5	181	
1984	0	APA0	3	1	1	31	2	0	9	0	15	143	
1997	0	APA0	3	1	1	32	2	13	9	2	0	160	
1986	0	APA0	3	1	1	30	2	2	9	0	14	142	
1999	0	APA0	3	1	1	33	2	15	9	2	1	161	
1988	0	APA0	3	1	1	29	2	4	9	0	13	141	
2001	0	APA0	3	1	1	34	2	17	9	2	2	162	
1990	0	APA0	3	1	1	28	2	6	9	0	12	140	
2003	0	APA0	3	1	1	35	2	19	9	2	3	163	
1992	0	APA0	3	1	1	27	2	8	9	0	11	139	
2005	0	APA0	3	1	1	36	2	21	9	2	4	164	
1994	0	APA0	3	1	1	26	2	10	9	0	10	138	
2007	0	APA0	3	1	1	37	2	23	9	2	5	165	
2008	0	APA0	3	1	1	79	2	24	9	4	15	207	
2021	0	APA0	3	1	1	112	2	37	9	6	0	224	
2010	0	APA0	3	1	1	78	2	26	9	4	14	206	
2023	0	APA0	3	1	1	113	2	39	9	6	1	225	
2012	0	APA0	3	1	1	77	2	28	9	4	13	205	
2025	0	APA0	3	1	1	114	2	41	9	6	2	226	
2014	0	APA0	3	1	1	76	2	30	9	4	12	204	
2027	0	APA0	3	1	1	115	2	43	9	6	3	227	
2016	0	APA0	3	1	1	75	2	32	9	4	11	203	
2029	0	APA0	3	1	1	116	2	45	9	6	4	228	
2018	0	APA0	3	1	1	74	2	34	9	4	10	202	
2031	0	APA0	3	1	1	117	2	47	9	6	5	229	
50	0	APA0	3	1	1	111	0	29	9	5	15	223	
41	0	APA0	3	1	1	80	0	38	9	7	0	240	
52	0	APA0	3	1	1	110	0	27	9	5	14	222	
43	0	APA0	3	1	1	81	0	36	9	7	1	241	
54	0	APA0	3	1	1	109	0	25	9	5	13	221	
45	0	APA0	3	1	1	82	0	34	9	7	2	242	
56	0	APA0	3	1	1	108	0	23	9	5	12	220	
47	0	APA0	3	1	1	83	0	32	9	7	3	243	
58	0	APA0	3	1	1	107	0	21	9	5	11	219	
49	0	APA0	3	1	1	84	0	30	9	7	4	244	
1149	0	APA0	3	1	1	106	1	29	9	5	10	218	
1158	0	APA0	3	1	1	85	1	38	9	7	5	245	
2041	0	APA0	3	1	0	52	2	9	10	1	4	20	
2052	0	APA0	3	1	0	11	2	20	10	3	11	59	
2039	0	APA0	3	1	0	51	2	7	10	1	3	19	
2050	0	APA0	3	1	0	12	2	18	10	3	12	60	
2037	0	APA0	3	1	0	50	2	5	10	1	2	18	
2048	0	APA0	3	1	0	13	2	16	10	3	13	61	
2035	0	APA0	3	1	0	49	2	3	10	1	1	17	
2046	0	APA0	3	1	0	14	2	14	10	3	14	62	
2033	0	APA0	3	1	0	48	2	1	10	1	0	16	
2044	0	APA0	3	1	0	15	2	12	10	3	15	63	
39	0	APA0	3	1	0	20	0	0	10	0	4	4	
28	0	APA0	3	1	0	43	0	11	10	2	11	43	
37	0	APA0	3	1	0	19	0	2	10	0	3	3	
26	0	APA0	3	1	0	44	0	13	10	2	12	44	
35	0	APA0	3	1	0	18	0	4	10	0	2	2	
24	0	APA0	3	1	0	45	0	15	10	2	13	45	
33	0	APA0	3	1	0	17	0	6	10	0	1	1	
22	0	APA0	3	1	0	46	0	17	10	2	14	46	
31	0	APA0	3	1	0	16	0	8	10	0	0	0	
20	0	APA0	3	1	0	47	0	19	10	2	15	47	
19	0	APA0	3	1	0	68	0	20	10	4	4	68	
8	0	APA0	3	1	0	123	0	31	10	6	11	107	
17	0	APA0	3	1	0	67	0	22	10	4	3	67	
6	0	APA0	3	1	0	124	0	33	10	6	12	108	
15	0	APA0	3	1	0	66	0	24	10	4	2	66	
4	0	APA0	3	1	0	125	0	35	10	6	13	109	
13	0	APA0	3	1	0	65	0	26	10	4	1	65	
2	0	APA0	3	1	0	126	0	37	10	6	14	110	
11	0	APA0	3	1	0	64	0	28	10	4	0	64	
0	0	APA0	3	1	0	127	0	39	10	6	15	111	
2065	0	APA0	3	1	0	100	2	33	10	5	4	84	
2076	0	APA0	3	1	0	91	2	44	10	7	11	123	
2063	0	APA0	3	1	0	99	2	31	10	5	3	83	
2074	0	APA0	3	1	0	92	2	42	10	7	12	124	
2061	0	APA0	3	1	0	98	2	29	10	5	2	82	
2072	0	APA0	3	1	0	93	2	40	10	7	13	125	
2059	0	APA0	3	1	0	97	2	27	10	5	1	81	
2070	0	APA0	3	1	0	94	2	38	10	7	14	126	
2057	0	APA0	3	1	0	96	2	25	10	5	0	80	
2068	0	APA0	3	1	0	95	2	36	10	7	15	127	
1167	0	APA0	3	1	0	57	1	7	10	1	9	25	
1176	0	APA0	3	1	0	6	1	16	10	3	6	54	
1165	0	APA0	3	1	0	56	1	5	10	1	8	24	
1174	0	APA0	3	1	0	7	1	14	10	3	7	55	
1163	0	APA0	3	1	0	55	1	3	10	1	7	23	
1172	0	APA0	3	1	0	8	1	12	10	3	8	56	
1161	0	APA0	3	1	0	54	1	1	10	1	6	22	
1170	0	APA0	3	1	0	9	1	10	10	3	9	57	
2043	0	APA0	3	1	0	53	2	11	10	1	5	21	
2054	0	APA0	3	1	0	10	2	22	10	3	10	58	
1160	0	APA0	3	1	0	25	1	0	10	0	9	9	
1171	0	APA0	3	1	0	38	1	11	10	2	6	38	
1162	0	APA0	3	1	0	24	1	2	10	0	8	8	
1173	0	APA0	3	1	0	39	1	13	10	2	7	39	
1164	0	APA0	3	1	0	23	1	4	10	0	7	7	
1175	0	APA0	3	1	0	40	1	15	10	2	8	40	
1166	0	APA0	3	1	0	22	1	6	10	0	6	6	
1177	0	APA0	3	1	0	41	1	17	10	2	9	41	
1168	0	APA0	3	1	0	21	1	8	10	0	5	5	
1179	0	APA0	3	1	0	42	1	19	10	2	10	42	
1180	0	APA0	3	1	0	73	1	20	10	4	9	73	
1191	0	APA0	3	1	0	118	1	31	10	6	6	102	
1182	0	APA0	3	1	0	72	1	22	10	4	8	72	
1193	0	APA0	3	1	0	119	1	33	10	6	7	103	
1184	0	APA0	3	1	0	71	1	24	10	4	7	71	
1195	0	APA0	3	1	0	120	1	35	10	6	8	104	
1186	0	APA0	3	1	0	70	1	26	10	4	6	70	
1197	0	APA0	3	1	0	121	1	37	10	6	9	105	
1188	0	APA0	3	1	0	69	1	28	10	4	5	69	
1199	0	APA0	3	1	0	122	1	39	10	6	10	106	
1187	0	APA0	3	1	0	105	1	27	10	5	9	89	
1196	0	APA0	3	1	0	86	1	36	10	7	6	118	
1185	0	APA0	3	1	0	104	1	25	10	5	8	88	
1194	0	APA0	3	1	0	87	1	34	10	7	7	119	
1183	0	APA0	3	1	0	103	1	23	10	5	7	87	
1192	0	APA0	3	1	0	88	1	32	10	7	8	120	
1181	0	APA0	3	1	0	102	1	21	10	5	6	86	
1190	0	APA0	3	1	0	89	1	30	10	7	9	121	
2067	0	APA0	3	1	0	101	2	35	10	5	5	85	
2078	0	APA0	3	1	0	90	2	46	10	7	10	122	
30	0	APA0	3	1	0	63	0	9	10	1	15	31	
21	0	APA0	3	1	0	0	0	18	10	3	0	48	
32	0	APA0	3	1	0	62	0	7	10	1	14	30	
23	0	APA0	3	1	0	1	0	16	10	3	1	49	
34	0	APA0	3	1	0	61	0	5	10	1	13	29	
25	0	APA0	3	1	0	2	0	14	10	3	2	50	
36	0	APA0	3	1	0	60	0	3	10	1	12	28	
27	0	APA0	3	1	0	3	0	12	10	3	3	51	
38	0	APA0	3	1	0	59	0	1	10	1	11	27	
29	0	APA0	3	1	0	4	0	10	10	3	4	52	
1169	0	APA0	3	1	0	58	1	9	10	1	10	26	
1178	0	APA0	3	1	0	5	1	18	10	3	5	53	
2032	0	APA0	3	1	0	31	2	0	10	0	15	15	
2045	0	APA0	3	1	0	32	2	13	10	2	0	32	
2034	0	APA0	3	1	0	30	2	2	10	0	14	14	
2047	0	APA0	3	1	0	33	2	15	10	2	1	33	
2036	0	APA0	3	1	0	29	2	4	10	0	13	13	
2049	0	APA0	3	1	0	34	2	17	10	2	2	34	
2038	0	APA0	3	1	0	28	2	6	10	0	12	12	
2051	0	APA0	3	1	0	35	2	19	10	2	3	35	
2040	0	APA0	3	1	0	27	2	8	10	0	11	11	
2053	0	APA0	3	1	0	36	2	21	10	2	4	36	
2042	0	APA0	3	1	0	26	2	10	10	0	10	10	
2055	0	APA0	3	1	0	37	2	23	10	2	5	37	
2056	0	APA0	3	1	0	79	2	24	10	4	15	79	
2069	0	APA0	3	1	0	112	2	37	10	6	0	96	
2058	0	APA0	3	1	0	78	2	26	10	4	14	78	
2071	0	APA0	3	1	0	113	2	39	10	6	1	97	
2060	0	APA0	3	1	0	77	2	28	10	4	13	77	
2073	0	APA0	3	1	0	114	2	41	10	6	2	98	
2062	0	APA0	3	1	0	76	2	30	10	4	12	76	
2075	0	APA0	3	1	0	115	2	43	10	6	3	99	
2064	0	APA0	3	1	0	75	2	32	10	4	11	75	
2077	0	APA0	3	1	0	116	2	45	10	6	4	100	
2066	0	APA0	3	1	0	74	2	34	10	4	10	74	
2079	0	APA0	3	1	0	117	2	47	10	6	5	101	
10	0	APA0	3	1	0	111	0	29	10	5	15	95	
1	0	APA0	3	1	0	80	0	38	10	7	0	112	
12	0	APA0	3	1	0	110	0	27	10	5	14	94	
3	0	APA0	3	1	0	81	0	36	10	7	1	113	
14	0	APA0	3	1	0	109	0	25	10	5	13	93	
5	0	APA0	3	1	0	82	0	34	10	7	2	114	
16	0	APA0	3	1	0	108	0	23	10	5	12	92	
7	0	APA0	3	1	0	83	0	32	10	7	3	115	
18	0	APA0	3	1	0	107	0	21	10	5	11	91	
9	0	APA0	3	1	0	84	0	30	10	7	4	116	
1189	0	APA0	3	1	0	106	1	29	10	5	10	90	
1198	0	APA0	3	1	0	85	1	38	10	7	5	117	
2550	0	APA0	4	1	1	52	2	9	11	1	4	148	
2539	0	APA0	4	1	1	11	2	20	11	3	11	187	
2552	0	APA0	4	1	1	51	2	7	11	1	3	147	
2541	0	APA0	4	1	1	12	2	18	11	3	12	188	
2554	0	APA0	4	1	1	50	2	5	11	1	2	146	
2543	0	APA0	4	1	1	13	2	16	11	3	13	189	
2556	0	APA0	4	1	1	49	2	3	11	1	1	145	
2545	0	APA0	4	1	1	14	2	14	11	3	14	190	
2558	0	APA0	4	1	1	48	2	1	11	1	0	144	
2547	0	APA0	4	1	1	15	2	12	11	3	15	191	
799	0	APA0	4	1	1	20	0	0	11	0	4	132	
788	0	APA0	4	1	1	43	0	11	11	2	11	171	
797	0	APA0	4	1	1	19	0	2	11	0	3	131	
786	0	APA0	4	1	1	44	0	13	11	2	12	172	
795	0	APA0	4	1	1	18	0	4	11	0	2	130	
784	0	APA0	4	1	1	45	0	15	11	2	13	173	
793	0	APA0	4	1	1	17	0	6	11	0	1	129	
782	0	APA0	4	1	1	46	0	17	11	2	14	174	
791	0	APA0	4	1	1	16	0	8	11	0	0	128	
780	0	APA0	4	1	1	47	0	19	11	2	15	175	
779	0	APA0	4	1	1	68	0	20	11	4	4	196	
768	0	APA0	4	1	1	123	0	31	11	6	11	235	
777	0	APA0	4	1	1	67	0	22	11	4	3	195	
766	0	APA0	4	1	1	124	0	33	11	6	12	236	
775	0	APA0	4	1	1	66	0	24	11	4	2	194	
764	0	APA0	4	1	1	125	0	35	11	6	13	237	
773	0	APA0	4	1	1	65	0	26	11	4	1	193	
762	0	APA0	4	1	1	126	0	37	11	6	14	238	
771	0	APA0	4	1	1	64	0	28	11	4	0	192	
760	0	APA0	4	1	1	127	0	39	11	6	15	239	
2526	0	APA0	4	1	1	100	2	33	11	5	4	212	
2515	0	APA0	4	1	1	91	2	44	11	7	11	251	
2528	0	APA0	4	1	1	99	2	31	11	5	3	211	
2517	0	APA0	4	1	1	92	2	42	11	7	12	252	
2530	0	APA0	4	1	1	98	2	29	11	5	2	210	
2519	0	APA0	4	1	1	93	2	40	11	7	13	253	
2532	0	APA0	4	1	1	97	2	27	11	5	1	209	
2521	0	APA0	4	1	1	94	2	38	11	7	14	254	
2534	0	APA0	4	1	1	96	2	25	11	5	0	208	
2523	0	APA0	4	1	1	95	2	36	11	7	15	255	
1207	0	APA0	4	1	1	57	1	7	11	1	9	153	
1216	0	APA0	4	1	1	6	1	16	11	3	6	182	
1205	0	APA0	4	1	1	56	1	5	11	1	8	152	
1214	0	APA0	4	1	1	7	1	14	11	3	7	183	
1203	0	APA0	4	1	1	55	1	3	11	1	7	151	
1212	0	APA0	4	1	1	8	1	12	11	3	8	184	
1201	0	APA0	4	1	1	54	1	1	11	1	6	150	
1210	0	APA0	4	1	1	9	1	10	11	3	9	185	
2548	0	APA0	4	1	1	53	2	11	11	1	5	149	
2537	0	APA0	4	1	1	10	2	22	11	3	10	186	
1200	0	APA0	4	1	1	25	1	0	11	0	9	137	
1211	0	APA0	4	1	1	38	1	11	11	2	6	166	
1202	0	APA0	4	1	1	24	1	2	11	0	8	136	
1213	0	APA0	4	1	1	39	1	13	11	2	7	167	
1204	0	APA0	4	1	1	23	1	4	11	0	7	135	
1215	0	APA0	4	1	1	40	1	15	11	2	8	168	
1206	0	APA0	4	1	1	22	1	6	11	0	6	134	
1217	0	APA0	4	1	1	41	1	17	11	2	9	169	
1208	0	APA0	4	1	1	21	1	8	11	0	5	133	
1219	0	APA0	4	1	1	42	1	19	11	2	10	170	
1220	0	APA0	4	1	1	73	1	20	11	4	9	201	
1231	0	APA0	4	1	1	118	1	31	11	6	6	230	
1222	0	APA0	4	1	1	72	1	22	11	4	8	200	
1233	0	APA0	4	1	1	119	1	33	11	6	7	231	
1224	0	APA0	4	1	1	71	1	24	11	4	7	199	
1235	0	APA0	4	1	1	120	1	35	11	6	8	232	
1226	0	APA0	4	1	1	70	1	26	11	4	6	198	
1237	0	APA0	4	1	1	121	1	37	11	6	9	233	
1228	0	APA0	4	1	1	69	1	28	11	4	5	197	
1239	0	APA0	4	1	1	122	1	39	11	6	10	234	
1227	0	APA0	4	1	1	105	1	27	11	5	9	217	
1236	0	APA0	4	1	1	86	1	36	11	7	6	246	
1225	0	APA0	4	1	1	104	1	25	11	5	8	216	
1234	0	APA0	4	1	1	87	1	34	11	7	7	247	
1223	0	APA0	4	1	1	103	1	23	11	5	7	215	
1232	0	APA0	4	1	1	88	1	32	11	7	8	248	
1221	0	APA0	4	1	1	102	1	21	11	5	6	214	
1230	0	APA0	4	1	1	89	1	30	11	7	9	249	
2524	0	APA0	4	1	1	101	2	35	11	5	5	213	
2513	0	APA0	4	1	1	90	2	46	11	7	10	250	
790	0	APA0	4	1	1	63	0	9	11	1	15	159	
781	0	APA0	4	1	1	0	0	18	11	3	0	176	
792	0	APA0	4	1	1	62	0	7	11	1	14	158	
783	0	APA0	4	1	1	1	0	16	11	3	1	177	
794	0	APA0	4	1	1	61	0	5	11	1	13	157	
785	0	APA0	4	1	1	2	0	14	11	3	2	178	
796	0	APA0	4	1	1	60	0	3	11	1	12	156	
787	0	APA0	4	1	1	3	0	12	11	3	3	179	
798	0	APA0	4	1	1	59	0	1	11	1	11	155	
789	0	APA0	4	1	1	4	0	10	11	3	4	180	
1209	0	APA0	4	1	1	58	1	9	11	1	10	154	
1218	0	APA0	4	1	1	5	1	18	11	3	5	181	
2559	0	APA0	4	1	1	31	2	0	11	0	15	143	
2546	0	APA0	4	1	1	32	2	13	11	2	0	160	
2557	0	APA0	4	1	1	30	2	2	11	0	14	142	
2544	0	APA0	4	1	1	33	2	15	11	2	1	161	
2555	0	APA0	4	1	1	29	2	4	11	0	13	141	
2542	0	APA0	4	1	1	34	2	17	11	2	2	162	
2553	0	APA0	4	1	1	28	2	6	11	0	12	140	
2540	0	APA0	4	1	1	35	2	19	11	2	3	163	
2551	0	APA0	4	1	1	27	2	8	11	0	11	139	
2538	0	APA0	4	1	1	36	2	21	11	2	4	164	
2549	0	APA0	4	1	1	26	2	10	11	0	10	138	
2536	0	APA0	4	1	1	37	2	23	11	2	5	165	
2535	0	APA0	4	1	1	79	2	24	11	4	15	207	
2522	0	APA0	4	1	1	112	2	37	11	6	0	224	
2533	0	APA0	4	1	1	78	2	26	11	4	14	206	
2520	0	APA0	4	1	1	113	2	39	11	6	1	225	
2531	0	APA0	4	1	1	77	2	28	11	4	13	205	
2518	0	APA0	4	1	1	114	2	41	11	6	2	226	
2529	0	APA0	4	1	1	76	2	30	11	4	12	204	
2516	0	APA0	4	1	1	115	2	43	11	6	3	227	
2527	0	APA0	4	1	1	75	2	32	11	4	11	203	
2514	0	APA0	4	1	1	116	2	45	11	6	4	228	
2525	0	APA0	4	1	1	74	2	34	11	4	10	202	
2512	0	APA0	4	1	1	117	2	47	11	6	5	229	
770	0	APA0	4	1	1	111	0	29	11	5	15	223	
761	0	APA0	4	1	1	80	0	38	11	7	0	240	
772	0	APA0	4	1	1	110	0	27	11	5	14	222	
763	0	APA0	4	1	1	81	0	36	11	7	1	241	
774	0	APA0	4	1	1	109	0	25	11	5	13	221	
765	0	APA0	4	1	1	82	0	34	11	7	2	242	
776	0	APA0	4	1	1	108	0	23	11	5	12	220	
767	0	APA0	4	1	1	83	0	32	11	7	3	243	
778	0	APA0	4	1	1	107	0	21	11	5	11	219	
769	0	APA0	4	1	1	84	0	30	11	7	4	244	
1229	0	APA0	4	1	1	106	1	29	11	5	10	218	
1238	0	APA0	4	1	1	85	1	38	11	7	5	245	
2502	0	APA0	4	1	0	52	2	9	12	1	4	20	
2491	0	APA0	4	1	0	11	2	20	12	3	11	59	
2504	0	APA0	4	1	0	51	2	7	12	1	3	19	
2493	0	APA0	4	1	0	12	2	18	12	3	12	60	
2506	0	APA0	4	1	0	50	2	5	12	1	2	18	
2495	0	APA0	4	1	0	13	2	16	12	3	13	61	
2508	0	APA0	4	1	0	49	2	3	12	1	1	17	
2497	0	APA0	4	1	0	14	2	14	12	3	14	62	
2510	0	APA0	4	1	0	48	2	1	12	1	0	16	
2499	0	APA0	4	1	0	15	2	12	12	3	15	63	
759	0	APA0	4	1	0	20	0	0	12	0	4	4	
748	0	APA0	4	1	0	43	0	11	12	2	11	43	
757	0	APA0	4	1	0	19	0	2	12	0	3	3	
746	0	APA0	4	1	0	44	0	13	12	2	12	44	
755	0	APA0	4	1	0	18	0	4	12	0	2	2	
744	0	APA0	4	1	0	45	0	15	12	2	13	45	
753	0	APA0	4	1	0	17	0	6	12	0	1	1	
742	0	APA0	4	1	0	46	0	17	12	2	14	46	
751	0	APA0	4	1	0	16	0	8	12	0	0	0	
740	0	APA0	4	1	0	47	0	19	12	2	15	47	
739	0	APA0	4	1	0	68	0	20	12	4	4	68	
728	0	APA0	4	1	0	123	0	31	12	6	11	107	
737	0	APA0	4	1	0	67	0	22	12	4	3	67	
726	0	APA0	4	1	0	124	0	33	12	6	12	108	
735	0	APA0	4	1	0	66	0	24	12	4	2	66	
724	0	APA0	4	1	0	125	0	35	12	6	13	109	
733	0	APA0	4	1	0	65	0	26	12	4	1	65	
722	0	APA0	4	1	0	126	0	37	12	6	14	110	
731	0	APA0	4	1	0	64	0	28	12	4	0	64	
720	0	APA0	4	1	0	127	0	39	12	6	15	111	
2478	0	APA0	4	1	0	100	2	33	12	5	4	84	
2467	0	APA0	4	1	0	91	2	44	12	7	11	123	
2480	0	APA0	4	1	0	99	2	31	12	5	3	83	
2469	0	APA0	4	1	0	92	2	42	12	7	12	124	
2482	0	APA0	4	1	0	98	2	29	12	5	2	82	
2471	0	APA0	4	1	0	93	2	40	12	7	13	125	
2484	0	APA0	4	1	0	97	2	27	12	5	1	81	
2473	0	APA0	4	1	0	94	2	38	12	7	14	126	
2486	0	APA0	4	1	0	96	2	25	12	5	0	80	
2475	0	APA0	4	1	0	95	2	36	12	7	15	127	
1247	0	APA0	4	1	0	57	1	7	12	1	9	25	
1256	0	APA0	4	1	0	6	1	16	12	3	6	54	
1245	0	APA0	4	1	0	56	1	5	12	1	8	24	
1254	0	APA0	4	1	0	7	1	14	12	3	7	55	
1243	0	APA0	4	1	0	55	1	3	12	1	7	23	
1252	0	APA0	4	1	0	8	1	12	12	3	8	56	
1241	0	APA0	4	1	0	54	1	1	12	1	6	22	
1250	0	APA0	4	1	0	9	1	10	12	3	9	57	
2500	0	APA0	4	1	0	53	2	11	12	1	5	21	
2489	0	APA0	4	1	0	10	2	22	12	3	10	58	
1240	0	APA0	4	1	0	25	1	0	12	0	9	9	
1251	0	APA0	4	1	0	38	1	11	12	2	6	38	
1242	0	APA0	4	1	0	24	1	2	12	0	8	8	
1253	0	APA0	4	1	0	39	1	13	12	2	7	39	
1244	0	APA0	4	1	0	23	1	4	12	0	7	7	
1255	0	APA0	4	1	0	40	1	15	12	2	8	40	
1246	0	APA0	4	1	0	22	1	6	12	0	6	6	
1257	0	APA0	4	1	0	41	1	17	12	2	9	41	
1248	0	APA0	4	1	0	21	1	8	12	0	5	5	
1259	0	APA0	4	1	0	42	1	19	12	2	10	42	
1260	0	APA0	4	1	0	73	1	20	12	4	9	73	
1271	0	APA0	4	1	0	118	1	31	12	6	6	102	
1262	0	APA0	4	1	0	72	1	22	12	4	8	72	
1273	0	APA0	4	1	0	119	1	33	12	6	7	103	
1264	0	APA0	4	1	0	71	1	24	12	4	7	71	
1275	0	APA0	4	1	0	120	1	35	12	6	8	104	
1266	0	APA0	4	1	0	70	1	26	12	4	6	70	
1277	0	APA0	4	1	0	121	1	37	12	6	9	105	
1268	0	APA0	4	1	0	69	1	28	12	4	5	69	
1279	0	APA0	4	1	0	122	1	39	12	6	10	106	
1267	0	APA0	4	1	0	105	1	27	12	5	9	89	
1276	0	APA0	4	1	0	86	1	36	12	7	6	118	
1265	0	APA0	4	1	0	104	1	25	12	5	8	88	
1274	0	APA0	4	1	0	87	1	34	12	7	7	119	
1263	0	APA0	4	1	0	103	1	23	12	5	7	87	
1272	0	APA0	4	1	0	88	1	32	12	7	8	120	
1261	0	APA0	4	1	0	102	1	21	12	5	6	86	
1270	0	APA0	4	1	0	89	1	30	12	7	9	121	
2476	0	APA0	4	1	0	101	2	35	12	5	5	85	
2465	0	APA0	4	1	0	90	2	46	12	7	10	122	
750	0	APA0	4	1	0	63	0	9	12	1	15	31	
741	0	APA0	4	1	0	0	0	18	12	3	0	48	
752	0	APA0	4	1	0	62	0	7	12	1	14	30	
743	0	APA0	4	1	0	1	0	16	12	3	1	49	
754	0	APA0	4	1	0	61	0	5	12	1	13	29	
745	0	APA0	4	1	0	2	0	14	12	3	2	50	
756	0	APA0	4	1	0	60	0	3	12	1	12	28	
747	0	APA0	4	1	0	3	0	12	12	3	3	51	
758	0	APA0	4	1	0	59	0	1	12	1	11	27	
749	0	APA0	4	1	0	4	0	10	12	3	4	52	
1249	0	APA0	4	1	0	58	1	9	12	1	10	26	
1258	0	APA0	4	1	0	5	1	18	12	3	5	53	
2511	0	APA0	4	1	0	31	2	0	12	0	15	15	
2498	0	APA0	4	1	0	32	2	13	12	2	0	32	
2509	0	APA0	4	1	0	30	2	2	12	0	14	14	
2496	0	APA0	4	1	0	33	2	15	12	2	1	33	
2507	0	APA0	4	1	0	29	2	4	12	0	13	13	
2494	0	APA0	4	1	0	34	2	17	12	2	2	34	
2505	0	APA0	4	1	0	28	2	6	12	0	12	12	
2492	0	APA0	4	1	0	35	2	19	12	2	3	35	
2503	0	APA0	4	1	0	27	2	8	12	0	11	11	
2490	0	APA0	4	1	0	36	2	21	12	2	4	36	
2501	0	APA0	4	1	0	26	2	10	12	0	10	10	
2488	0	APA0	4	1	0	37	2	23	12	2	5	37	
2487	0	APA0	4	1	0	79	2	24	12	4	15	79	
2474	0	APA0	4	1	0	112	2	37	12	6	0	96	
2485	0	APA0	4	1	0	78	2	26	12	4	14	78	
2472	0	APA0	4	1	0	113	2	39	12	6	1	97	
2483	0	APA0	4	1	0	77	2	28	12	4	13	77	
2470	0	APA0	4	1	0	114	2	41	12	6	2	98	
2481	0	APA0	4	1	0	76	2	30	12	4	12	76	
2468	0	APA0	4	1	0	115	2	43	12	6	3	99	
2479	0	APA0	4	1	0	75	2	32	12	4	11	75	
2466	0	APA0	4	1	0	116	2	45	12	6	4	100	
2477	0	APA0	4	1	0	74	2	34	12	4	10	74	
2464	0	APA0	4	1	0	117	2	47	12	6	5	101	
730	0	APA0	4	1	0	111	0	29	12	5	15	95	
721	0	APA0	4	1	0	80	0	38	12	7	0	112	
732	0	APA0	4	1	0	110	0	27	12	5	14	94	
723	0	APA0	4	1	0	81	0	36	12	7	1	113	
734	0	APA0	4	1	0	109	0	25	12	5	13	93	
725	0	APA0	4	1	0	82	0	34	12	7	2	114	
736	0	APA0	4	1	0	108	0	23	12	5	12	92	
727	0	APA0	4	1	0	83	0	32	12	7	3	115	
738	0	APA0	4	1	0	107	0	21	12	5	11	91	
729	0	APA0	4	1	0	84	0	30	12	7	4	116	
1269	0	APA0	4	1	0	106	1	29	12	5	10	90	
1278	0	APA0	4	1	0	85	1	38	12	7	5	117	
2454	0	APA0	3	0	1	52	2	9	13	1	4	148	
2443	0	APA0	3	0	1	11	2	20	13	3	11	187	
2456	0	APA0	3	0	1	51	2	7	13	1	3	147	
2445	0	APA0	3	0	1	12	2	18	13	3	12	188	
2458	0	APA0	3	0	1	50	2	5	13	1	2	146	
2447	0	APA0	3	0	1	13	2	16	13	3	13	189	
2460	0	APA0	3	0	1	49	2	3	13	1	1	145	
2449	0	APA0	3	0	1	14	2	14	13	3	14	190	
2462	0	APA0	3	0	1	48	2	1	13	1	0	144	
2451	0	APA0	3	0	1	15	2	12	13	3	15	191	
719	0	APA0	3	0	1	20	0	0	13	0	4	132	
708	0	APA0	3	0	1	43	0	11	13	2	11	171	
717	0	APA0	3	0	1	19	0	2	13	0	3	131	
706	0	APA0	3	0	1	44	0	13	13	2	12	172	
715	0	APA0	3	0	1	18	0	4	13	0	2	130	
704	0	APA0	3	0	1	45	0	15	13	2	13	173	
713	0	APA0	3	0	1	17	0	6	13	0	1	129	
702	0	APA0	3	0	1	46	0	17	13	2	14	174	
711	0	APA0	3	0	1	16	0	8	13	0	0	128	
700	0	APA0	3	0	1	47	0	19	13	2	15	175	
699	0	APA0	3	0	1	68	0	20	13	4	4	196	
688	0	APA0	3	0	1	123	0	31	13	6	11	235	
697	0	APA0	3	0	1	67	0	22	13	4	3	195	
686	0	APA0	3	0	1	124	0	33	13	6	12	236	
695	0	APA0	3	0	1	66	0	24	13	4	2	194	
684	0	APA0	3	0	1	125	0	35	13	6	13	237	
693	0	APA0	3	0	1	65	0	26	13	4	1	193	
682	0	APA0	3	0	1	126	0	37	13	6	14	238	
691	0	APA0	3	0	1	64	0	28	13	4	0	192	
680	0	APA0	3	0	1	127	0	39	13	6	15	239	
2430	0	APA0	3	0	1	100	2	33	13	5	4	212	
2419	0	APA0	3	0	1	91	2	44	13	7	11	251	
2432	0	APA0	3	0	1	99	2	31	13	5	3	211	
2421	0	APA0	3	0	1	92	2	42	13	7	12	252	
2434	0	APA0	3	0	1	98	2	29	13	5	2	210	
2423	0	APA0	3	0	1	93	2	40	13	7	13	253	
2436	0	APA0	3	0	1	97	2	27	13	5	1	209	
2425	0	APA0	3	0	1	94	2	38	13	7	14	254	
2438	0	APA0	3	0	1	96	2	25	13	5	0	208	
2427	0	APA0	3	0	1	95	2	36	13	7	15	255	
1287	0	APA0	3	0	1	57	1	7	13	1	9	153	
1296	0	APA0	3	0	1	6	1	16	13	3	6	182	
1285	0	APA0	3	0	1	56	1	5	13	1	8	152	
1294	0	APA0	3	0	1	7	1	14	13	3	7	183	
1283	0	APA0	3	0	1	55	1	3	13	1	7	151	
1292	0	APA0	3	0	1	8	1	12	13	3	8	184	
1281	0	APA0	3	0	1	54	1	1	13	1	6	150	
1290	0	APA0	3	0	1	9	1	10	13	3	9	185	
2452	0	APA0	3	0	1	53	2	11	13	1	5	149	
2441	0	APA0	3	0	1	10	2	22	13	3	10	186	
1280	0	APA0	3	0	1	25	1	0	13	0	9	137	
1291	0	APA0	3	0	1	38	1	11	13	2	6	166	
1282	0	APA0	3	0	1	24	1	2	13	0	8	136	
1293	0	APA0	3	0	1	39	1	13	13	2	7	167	
1284	0	APA0	3	0	1	23	1	4	13	0	7	135	
1295	0	APA0	3	0	1	40	1	15	13	2	8	168	
1286	0	APA0	3	0	1	22	1	6	13	0	6	134	
1297	0	APA0	3	0	1	41	1	17	13	2	9	169	
1288	0	APA0	3	0	1	21	1	8	13	0	5	133	
1299	0	APA0	3	0	1	42	1	19	13	2	10	170	
1300	0	APA0	3	0	1	73	1	20	13	4	9	201	
1311	0	APA0	3	0	1	118	1	31	13	6	6	230	
1302	0	APA0	3	0	1	72	1	22	13	4	8	200	
1313	0	APA0	3	0	1	119	1	33	13	6	7	231	
1304	0	APA0	3	0	1	71	1	24	13	4	7	199	
1315	0	APA0	3	0	1	120	1	35	13	6	8	232	
1306	0	APA0	3	0	1	70	1	26	13	4	6	198	
1317	0	APA0	3	0	1	121	1	37	13	6	9	233	
1308	0	APA0	3	0	1	69	1	28	13	4	5	197	
1319	0	APA0	3	0	1	122	1	39	13	6	10	234	
1307	0	APA0	3	0	1	105	1	27	13	5	9	217	
1316	0	APA0	3	0	1	86	1	36	13	7	6	246	
1305	0	APA0	3	0	1	104	1	25	13	5	8	216	
1314	0	APA0	3	0	1	87	1	34	13	7	7	247	
1303	0	APA0	3	0	1	103	1	23	13	5	7	215	
1312	0	APA0	3	0	1	88	1	32	13	7	8	248	
1301	0	APA0	3	0	1	102	1	21	13	5	6	214	
1310	0	APA0	3	0	1	89	1	30	13	7	9	249	
2428	0	APA0	3	0	1	101	2	35	13	5	5	213	
2417	0	APA0	3	0	1	90	2	46	13	7	10	250	
710	0	APA0	3	0	1	63	0	9	13	1	15	159	
701	0	APA0	3	0	1	0	0	18	13	3	0	176	
712	0	APA0	3	0	1	62	0	7	13	1	14	158	
703	0	APA0	3	0	1	1	0	16	13	3	1	177	
714	0	APA0	3	0	1	61	0	5	13	1	13	157	
705	0	APA0	3	0	1	2	0	14	13	3	2	178	
716	0	APA0	3	0	1	60	0	3	13	1	12	156	
707	0	APA0	3	0	1	3	0	12	13	3	3	179	
718	0	APA0	3	0	1	59	0	1	13	1	11	155	
709	0	APA0	3	0	1	4	0	10	13	3	4	180	
1289	0	APA0	3	0	1	58	1	9	13	1	10	154	
1298	0	APA0	3	0	1	5	1	18	13	3	5	181	
2463	0	APA0	3	0	1	31	2	0	13	0	15	143	
2450	0	APA0	3	0	1	32	2	13	13	2	0	160	
2461	0	APA0	3	0	1	30	2	2	13	0	14	142	
2448	0	APA0	3	0	1	33	2	15	13	2	1	161	
2459	0	APA0	3	0	1	29	2	4	13	0	13	141	
2446	0	APA0	3	0	1	34	2	17	13	2	2	162	
2457	0	APA0	3	0	1	28	2	6	13	0	12	140	
2444	0	APA0	3	0	1	35	2	19	13	2	3	163	
2455	0	APA0	3	0	1	27	2	8	13	0	11	139	
2442	0	APA0	3	0	1	36	2	21	13	2	4	164	
2453	0	APA0	3	0	1	26	2	10	13	0	10	138	
2440	0	APA0	3	0	1	37	2	23	13	2	5	165	
2439	0	APA0	3	0	1	79	2	24	13	4	15	207	
2426	0	APA0	3	0	1	112	2	37	13	6	0	224	
2437	0	APA0	3	0	1	78	2	26	13	4	14	206	
2424	0	APA0	3	0	1	113	2	39	13	6	1	225	
2435	0	APA0	3	0	1	77	2	28	13	4	13	205	
2422	0	APA0	3	0	1	114	2	41	13	6	2	226	
2433	0	APA0	3	0	1	76	2	30	13	4	12	204	
2420	0	APA0	3	0	1	115	2	43	13	6	3	227	
2431	0	APA0	3	0	1	75	2	32	13	4	11	203	
2418	0	APA0	3	0	1	116	2	45	13	6	4	228	
2429	0	APA0	3	0	1	74	2	34	13	4	10	202	
2416	0	APA0	3	0	1	117	2	47	13	6	5	229	
690	0	APA0	3	0	1	111	0	29	13	5	15	223	
681	0	APA0	3	0	1	80	0	38	13	7	0	240	
692	0	APA0	3	0	1	110	0	27	13	5	14	222	
683	0	APA0	3	0	1	81	0	36	13	7	1	241	
694	0	APA0	3	0	1	109	0	25	13	5	13	221	
685	0	APA0	3	0	1	82	0	34	13	7	2	242	
696	0	APA0	3	0	1	108	0	23	13	5	12	220	
687	0	APA0	3	0	1	83	0	32	13	7	3	243	
698	0	APA0	3	0	1	107	0	21	13	5	11	219	
689	0	APA0	3	0	1	84	0	30	13	7	4	244	
1309	0	APA0	3	0	1	106	1	29	13	5	10	218	
1318	0	APA0	3	0	1	85	1	38	13	7	5	245	
2406	0	APA0	3	0	0	52	2	9	14	1	4	20	
2395	0	APA0	3	0	0	11	2	20	14	3	11	59	
2408	0	APA0	3	0	0	51	2	7	14	1	3	19	
2397	0	APA0	3	0	0	12	2	18	14	3	12	60	
2410	0	APA0	3	0	0	50	2	5	14	1	2	18	
2399	0	APA0	3	0	0	13	2	16	14	3	13	61	
2412	0	APA0	3	0	0	49	2	3	14	1	1	17	
2401	0	APA0	3	0	0	14	2	14	14	3	14	62	
2414	0	APA0	3	0	0	48	2	1	14	1	0	16	
2403	0	APA0	3	0	0	15	2	12	14	3	15	63	
679	0	APA0	3	0	0	20	0	0	14	0	4	4	
668	0	APA0	3	0	0	43	0	11	14	2	11	43	
677	0	APA0	3	0	0	19	0	2	14	0	3	3	
666	0	APA0	3	0	0	44	0	13	14	2	12	44	
675	0	APA0	3	0	0	18	0	4	14	0	2	2	
664	0	APA0	3	0	0	45	0	15	14	2	13	45	
673	0	APA0	3	0	0	17	0	6	14	0	1	1	
662	0	APA0	3	0	0	46	0	17	14	2	14	46	
671	0	APA0	3	0	0	16	0	8	14	0	0	0	
660	0	APA0	3	0	0	47	0	19	14	2	15	47	
659	0	APA0	3	0	0	68	0	20	14	4	4	68	
648	0	APA0	3	0	0	123	0	31	14	6	11	107	
657	0	APA0	3	0	0	67	0	22	14	4	3	67	
646	0	APA0	3	0	0	124	0	33	14	6	12	108	
655	0	APA0	3	0	0	66	0	24	14	4	2	66	
644	0	APA0	3	0	0	125	0	35	14	6	13	109	
653	0	APA0	3	0	0	65	0	26	14	4	1	65	
642	0	APA0	3	0	0	126	0	37	14	6	14	110	
651	0	APA0	3	0	0	64	0	28	14	4	0	64	
640	0	APA0	3	0	0	127	0	39	14	6	15	111	
2382	0	APA0	3	0	0	100	2	33	14	5	4	84	
2371	0	APA0	3	0	0	91	2	44	14	7	11	123	
2384	0	APA0	3	0	0	99	2	31	14	5	3	83	
2373	0	APA0	3	0	0	92	2	42	14	7	12	124	
2386	0	APA0	3	0	0	98	2	29	14	5	2	82	
2375	0	APA0	3	0	0	93	2	40	14	7	13	125	
2388	0	APA0	3	0	0	97	2	27	14	5	1	81	
2377	0	APA0	3	0	0	94	2	38	14	7	14	126	
2390	0	APA0	3	0	0	96	2	25	14	5	0	80	
2379	0	APA0	3	0	0	95	2	36	14	7	15	127	
1327	0	APA0	3	0	0	57	1	7	14	1	9	25	
1336	0	APA0	3	0	0	6	1	16	14	3	6	54	
1325	0	APA0	3	0	0	56	1	5	14	1	8	24	
1334	0	APA0	3	0	0	7	1	14	14	3	7	55	
1323	0	APA0	3	0	0	55	1	3	14	1	7	23	
1332	0	APA0	3	0	0	8	1	12	14	3	8	56	
1321	0	APA0	3	0	0	54	1	1	14	1	6	22	
1330	0	APA0	3	0	0	9	1	10	14	3	9	57	
2404	0	APA0	3	0	0	53	2	11	14	1	5	21	
2393	0	APA0	3	0	0	10	2	22	14	3	10	58	
1320	0	APA0	3	0	0	25	1	0	14	0	9	9	
1331	0	APA0	3	0	0	38	1	11	14	2	6	38	
1322	0	APA0	3	0	0	24	1	2	14	0	8	8	
1333	0	APA0	3	0	0	39	1	13	14	2	7	39	
1324	0	APA0	3	0	0	23	1	4	14	0	7	7	
1335	0	APA0	3	0	0	40	1	15	14	2	8	40	
1326	0	APA0	3	0	0	22	1	6	14	0	6	6	
1337	0	APA0	3	0	0	41	1	17	14	2	9	41	
1328	0	APA0	3	0	0	21	1	8	14	0	5	5	
1339	0	APA0	3	0	0	42	1	19	14	2	10	42	
1340	0	APA0	3	0	0	73	1	20	14	4	9	73	
1351	0	APA0	3	0	0	118	1	31	14	6	6	102	
1342	0	APA0	3	0	0	72	1	22	14	4	8	72	
1353	0	APA0	3	0	0	119	1	33	14	6	7	103	
1344	0	APA0	3	0	0	71	1	24	14	4	7	71	
1355	0	APA0	3	0	0	120	1	35	14	6	8	104	
1346	0	APA0	3	0	0	70	1	26	14	4	6	70	
1357	0	APA0	3	0	0	121	1	37	14	6	9	105	
1348	0	APA0	3	0	0	69	1	28	14	4	5	69	
1359	0	APA0	3	0	0	122	1	39	14	6	10	106	
1347	0	APA0	3	0	0	105	1	27	14	5	9	89	
1356	0	APA0	3	0	0	86	1	36	14	7	6	118	
1345	0	APA0	3	0	0	104	1	25	14	5	8	88	
1354	0	APA0	3	0	0	87	1	34	14	7	7	119	
1343	0	APA0	3	0	0	103	1	23	14	5	7	87	
1352	0	APA0	3	0	0	88	1	32	14	7	8	120	
1341	0	APA0	3	0	0	102	1	21	14	5	6	86	
1350	0	APA0	3	0	0	89	1	30	14	7	9	121	
2380	0	APA0	3	0	0	101	2	35	14	5	5	85	
2369	0	APA0	3	0	0	90	2	46	14	7	10	122	
670	0	APA0	3	0	0	63	0	9	14	1	15	31	
661	0	APA0	3	0	0	0	0	18	14	3	0	48	
672	0	APA0	3	0	0	62	0	7	14	1	14	30	
663	0	APA0	3	0	0	1	0	16	14	3	1	49	
674	0	APA0	3	0	0	61	0	5	14	1	13	29	
665	0	APA0	3	0	0	2	0	14	14	3	2	50	
676	0	APA0	3	0	0	60	0	3	14	1	12	28	
667	0	APA0	3	0	0	3	0	12	14	3	3	51	
678	0	APA0	3	0	0	59	0	1	14	1	11	27	
669	0	APA0	3	0	0	4	0	10	14	3	4	52	
1329	0	APA0	3	0	0	58	1	9	14	1	10	26	
1338	0	APA0	3	0	0	5	1	18	14	3	5	53	
2415	0	APA0	3	0	0	31	2	0	14	0	15	15	
2402	0	APA0	3	0	0	32	2	13	14	2	0	32	
2413	0	APA0	3	0	0	30	2	2	14	0	14	14	
2400	0	APA0	3	0	0	33	2	15	14	2	1	33	
2411	0	APA0	3	0	0	29	2	4	14	0	13	13	
2398	0	APA0	3	0	0	34	2	17	14	2	2	34	
2409	0	APA0	3	0	0	28	2	6	14	0	12	12	
2396	0	APA0	3	0	0	35	2	19	14	2	3	35	
2407	0	APA0	3	0	0	27	2	8	14	0	11	11	
2394	0	APA0	3	0	0	36	2	21	14	2	4	36	
2405	0	APA0	3	0	0	26	2	10	14	0	10	10	
2392	0	APA0	3	0	0	37	2	23	14	2	5	37	
2391	0	APA0	3	0	0	79	2	24	14	4	15	79	
2378	0	APA0	3	0	0	112	2	37	14	6	0	96	
2389	0	APA0	3	0	0	78	2	26	14	4	14	78	
2376	0	APA0	3	0	0	113	2	39	14	6	1	97	
2387	0	APA0	3	0	0	77	2	28	14	4	13	77	
2374	0	APA0	3	0	0	114	2	41	14	6	2	98	
2385	0	APA0	3	0	0	76	2	30	14	4	12	76	
2372	0	APA0	3	0	0	115	2	43	14	6	3	99	
2383	0	APA0	3	0	0	75	2	32	14	4	11	75	
2370	0	APA0	3	0	0	116	2	45	14	6	4	100	
2381	0	APA0	3	0	0	74	2	34	14	4	10	74	
2368	0	APA0	3	0	0	117	2	47	14	6	5	101	
650	0	APA0	3	0	0	111	0	29	14	5	15	95	
641	0	APA0	3	0	0	80	0	38	14	7	0	112	
652	0	APA0	3	0	0	110	0	27	14	5	14	94	
643	0	APA0	3	0	0	81	0	36	14	7	1	113	
654	0	APA0	3	0	0	109	0	25	14	5	13	93	
645	0	APA0	3	0	0	82	0	34	14	7	2	114	
656	0	APA0	3	0	0	108	0	23	14	5	12	92	
647	0	APA0	3	0	0	83	0	32	14	7	3	115	
658	0	APA0	3	0	0	107	0	21	14	5	11	91	
649	0	APA0	3	0	0	84	0	30	14	7	4	116	
1349	0	APA0	3	0	0	106	1	29	14	5	10	90	
1358	0	APA0	3	0	0	85	1	38	14	7	5	117	
2358	0	APA0	4	0	1	52	2	9	15	1	4	148	
2347	0	APA0	4	0	1	11	2	20	15	3	11	187	
2360	0	APA0	4	0	1	51	2	7	15	1	3	147	
2349	0	APA0	4	0	1	12	2	18	15	3	12	188	
2362	0	APA0	4	0	1	50	2	5	15	1	2	146	
2351	0	APA0	4	0	1	13	2	16	15	3	13	189	
2364	0	APA0	4	0	1	49	2	3	15	1	1	145	
2353	0	APA0	4	0	1	14	2	14	15	3	14	190	
2366	0	APA0	4	0	1	48	2	1	15	1	0	144	
2355	0	APA0	4	0	1	15	2	12	15	3	15	191	
639	0	APA0	4	0	1	20	0	0	15	0	4	132	
628	0	APA0	4	0	1	43	0	11	15	2	11	171	
637	0	APA0	4	0	1	19	0	2	15	0	3	131	
626	0	APA0	4	0	1	44	0	13	15	2	12	172	
635	0	APA0	4	0	1	18	0	4	15	0	2	130	
624	0	APA0	4	0	1	45	0	15	15	2	13	173	
633	0	APA0	4	0	1	17	0	6	15	0	1	129	
622	0	APA0	4	0	1	46	0	17	15	2	14	174	
631	0	APA0	4	0	1	16	0	8	15	0	0	128	
620	0	APA0	4	0	1	47	0	19	15	2	15	175	
619	0	APA0	4	0	1	68	0	20	15	4	4	196	
608	0	APA0	4	0	1	123	0	31	15	6	11	235	
617	0	APA0	4	0	1	67	0	22	15	4	3	195	
606	0	APA0	4	0	1	124	0	33	15	6	12	236	
615	0	APA0	4	0	1	66	0	24	15	4	2	194	
604	0	APA0	4	0	1	125	0	35	15	6	13	237	
613	0	APA0	4	0	1	65	0	26	15	4	1	193	
602	0	APA0	4	0	1	126	0	37	15	6	14	238	
611	0	APA0	4	0	1	64	0	28	15	4	0	192	
600	0	APA0	4	0	1	127	0	39	15	6	15	239	
2334	0	APA0	4	0	1	100	2	33	15	5	4	212	
2323	0	APA0	4	0	1	91	2	44	15	7	11	251	
2336	0	APA0	4	0	1	99	2	31	15	5	3	211	
2325	0	APA0	4	0	1	92	2	42	15	7	12	252	
2338	0	APA0	4	0	1	98	2	29	15	5	2	210	
2327	0	APA0	4	0	1	93	2	40	15	7	13	253	
2340	0	APA0	4	0	1	97	2	27	15	5	1	209	
2329	0	APA0	4	0	1	94	2	38	15	7	14	254	
2342	0	APA0	4	0	1	96	2	25	15	5	0	208	
2331	0	APA0	4	0	1	95	2	36	15	7	15	255	
1367	0	APA0	4	0	1	57	1	7	15	1	9	153	
1376	0	APA0	4	0	1	6	1	16	15	3	6	182	
1365	0	APA0	4	0	1	56	1	5	15	1	8	152	
1374	0	APA0	4	0	1	7	1	14	15	3	7	183	
1363	0	APA0	4	0	1	55	1	3	15	1	7	151	
1372	0	APA0	4	0	1	8	1	12	15	3	8	184	
1361	0	APA0	4	0	1	54	1	1	15	1	6	150	
1370	0	APA0	4	0	1	9	1	10	15	3	9	185	
2356	0	APA0	4	0	1	53	2	11	15	1	5	149	
2345	0	APA0	4	0	1	10	2	22	15	3	10	186	
1360	0	APA0	4	0	1	25	1	0	15	0	9	137	
1371	0	APA0	4	0	1	38	1	11	15	2	6	166	
1362	0	APA0	4	0	1	24	1	2	15	0	8	136	
1373	0	APA0	4	0	1	39	1	13	15	2	7	167	
1364	0	APA0	4	0	1	23	1	4	15	0	7	135	
1375	0	APA0	4	0	1	40	1	15	15	2	8	168	
1366	0	APA0	4	0	1	22	1	6	15	0	6	134	
1377	0	APA0	4	0	1	41	1	17	15	2	9	169	
1368	0	APA0	4	0	1	21	1	8	15	0	5	133	
1379	0	APA0	4	0	1	42	1	19	15	2	10	170	
1380	0	APA0	4	0	1	73	1	20	15	4	9	201	
1391	0	APA0	4	0	1	118	1	31	15	6	6	230	
1382	0	APA0	4	0	1	72	1	22	15	4	8	200	
1393	0	APA0	4	0	1	119	1	33	15	6	7	231	
1384	0	APA0	4	0	1	71	1	24	15	4	7	199	
1395	0	APA0	4	0	1	120	1	35	15	6	8	232	
1386	0	APA0	4	0	1	70	1	26	15	4	6	198	
1397	0	APA0	4	0	1	121	1	37	15	6	9	233	
1388	0	APA0	4	0	1	69	1	28	15	4	5	197	
1399	0	APA0	4	0	1	122	1	39	15	6	10	234	
1387	0	APA0	4	0	1	105	1	27	15	5	9	217	
1396	0	APA0	4	0	1	86	1	36	15	7	6	246	
1385	0	APA0	4	0	1	104	1	25	15	5	8	216	
1394	0	APA0	4	0	1	87	1	34	15	7	7	247	
1383	0	APA0	4	0	1	103	1	23	15	5	7	215	
1392	0	APA0	4	0	1	88	1	32	15	7	8	248	
1381	0	APA0	4	0	1	102	1	21	15	5	6	214	
1390	0	APA0	4	0	1	89	1	30	15	7	9	249	
2332	0	APA0	4	0	1	101	2	35	15	5	5	213	
2321	0	APA0	4	0	1	90	2	46	15	7	10	250	
630	0	APA0	4	0	1	63	0	9	15	1	15	159	
621	0	APA0	4	0	1	0	0	18	15	3	0	176	
632	0	APA0	4	0	1	62	0	7	15	1	14	158	
623	0	APA0	4	0	1	1	0	16	15	3	1	177	
634	0	APA0	4	0	1	61	0	5	15	1	13	157	
625	0	APA0	4	0	1	2	0	14	15	3	2	178	
636	0	APA0	4	0	1	60	0	3	15	1	12	156	
627	0	APA0	4	0	1	3	0	12	15	3	3	179	
638	0	APA0	4	0	1	59	0	1	15	1	11	155	
629	0	APA0	4	0	1	4	0	10	15	3	4	180	
1369	0	APA0	4	0	1	58	1	9	15	1	10	154	
1378	0	APA0	4	0	1	5	1	18	15	3	5	181	
2367	0	APA0	4	0	1	31	2	0	15	0	15	143	
2354	0	APA0	4	0	1	32	2	13	15	2	0	160	
2365	0	APA0	4	0	1	30	2	2	15	0	14	142	
2352	0	APA0	4	0	1	33	2	15	15	2	1	161	
2363	0	APA0	4	0	1	29	2	4	15	0	13	141	
2350	0	APA0	4	0	1	34	2	17	15	2	2	162	
2361	0	APA0	4	0	1	28	2	6	15	0	12	140	
2348	0	APA0	4	0	1	35	2	19	15	2	3	163	
2359	0	APA0	4	0	1	27	2	8	15	0	11	139	
2346	0	APA0	4	0	1	36	2	21	15	2	4	164	
2357	0	APA0	4	0	1	26	2	10	15	0	10	138	
2344	0	APA0	4	0	1	37	2	23	15	2	5	165	
2343	0	APA0	4	0	1	79	2	24	15	4	15	207	
2330	0	APA0	4	0	1	112	2	37	15	6	0	224	
2341	0	APA0	4	0	1	78	2	26	15	4	14	206	
2328	0	APA0	4	0	1	113	2	39	15	6	1	225	
2339	0	APA0	4	0	1	77	2	28	15	4	13	205	
2326	0	APA0	4	0	1	114	2	41	15	6	2	226	
2337	0	APA0	4	0	1	76	2	30	15	4	12	204	
2324	0	APA0	4	0	1	115	2	43	15	6	3	227	
2335	0	APA0	4	0	1	75	2	32	15	4	11	203	
2322	0	APA0	4	0	1	116	2	45	15	6	4	228	
2333	0	APA0	4	0	1	74	2	34	15	4	10	202	
2320	0	APA0	4	0	1	117	2	47	15	6	5	229	
610	0	APA0	4	0	1	111	0	29	15	5	15	223	
601	0	APA0	4	0	1	80	0	38	15	7	0	240	
612	0	APA0	4	0	1	110	0	27	15	5	14	222	
603	0	APA0	4	0	1	81	0	36	15	7	1	241	
614	0	APA0	4	0	1	109	0	25	15	5	13	221	
605	0	APA0	4	0	1	82	0	34	15	7	2	242	
616	0	APA0	4	0	1	108	0	23	15	5	12	220	
607	0	APA0	4	0	1	83	0	32	15	7	3	243	
618	0	APA0	4	0	1	107	0	21	15	5	11	219	
609	0	APA0	4	0	1	84	0	30	15	7	4	244	
1389	0	APA0	4	0	1	106	1	29	15	5	10	218	
1398	0	APA0	4	0	1	85	1	38	15	7	5	245	
2310	0	APA0	4	0	0	52	2	9	16	1	4	20	
2299	0	APA0	4	0	0	11	2	20	16	3	11	59	
2312	0	APA0	4	0	0	51	2	7	16	1	3	19	
2301	0	APA0	4	0	0	12	2	18	16	3	12	60	
2314	0	APA0	4	0	0	50	2	5	16	1	2	18	
2303	0	APA0	4	0	0	13	2	16	16	3	13	61	
2316	0	APA0	4	0	0	49	2	3	16	1	1	17	
2305	0	APA0	4	0	0	14	2	14	16	3	14	62	
2318	0	APA0	4	0	0	48	2	1	16	1	0	16	
2307	0	APA0	4	0	0	15	2	12	16	3	15	63	
599	0	APA0	4	0	0	20	0	0	16	0	4	4	
588	0	APA0	4	0	0	43	0	11	16	2	11	43	
597	0	APA0	4	0	0	19	0	2	16	0	3	3	
586	0	APA0	4	0	0	44	0	13	16	2	12	44	
595	0	APA0	4	0	0	18	0	4	16	0	2	2	
584	0	APA0	4	0	0	45	0	15	16	2	13	45	
593	0	APA0	4	0	0	17	0	6	16	0	1	1	
582	0	APA0	4	0	0	46	0	17	16	2	14	46	
591	0	APA0	4	0	0	16	0	8	16	0	0	0	
580	0	APA0	4	0	0	47	0	19	16	2	15	47	
579	0	APA0	4	0	0	68	0	20	16	4	4	68	
568	0	APA0	4	0	0	123	0	31	16	6	11	107	
577	0	APA0	4	0	0	67	0	22	16	4	3	67	
566	0	APA0	4	0	0	124	0	33	16	6	12	108	
575	0	APA0	4	0	0	66	0	24	16	4	2	66	
564	0	APA0	4	0	0	125	0	35	16	6	13	109	
573	0	APA0	4	0	0	65	0	26	16	4	1	65	
562	0	APA0	4	0	0	126	0	37	16	6	14	110	
571	0	APA0	4	0	0	64	0	28	16	4	0	64	
560	0	APA0	4	0	0	127	0	39	16	6	15	111	
2286	0	APA0	4	0	0	100	2	33	16	5	4	84	
2275	0	APA0	4	0	0	91	2	44	16	7	11	123	
2288	0	APA0	4	0	0	99	2	31	16	5	3	83	
2277	0	APA0	4	0	0	92	2	42	16	7	12	124	
2290	0	APA0	4	0	0	98	2	29	16	5	2	82	
2279	0	APA0	4	0	0	93	2	40	16	7	13	125	
2292	0	APA0	4	0	0	97	2	27	16	5	1	81	
2281	0	APA0	4	0	0	94	2	38	16	7	14	126	
2294	0	APA0	4	0	0	96	2	25	16	5	0	80	
2283	0	APA0	4	0	0	95	2	36	16	7	15	127	
1407	0	APA0	4	0	0	57	1	7	16	1	9	25	
1416	0	APA0	4	0	0	6	1	16	16	3	6	54	
1405	0	APA0	4	0	0	56	1	5	16	1	8	24	
1414	0	APA0	4	0	0	7	1	14	16	3	7	55	
1403	0	APA0	4	0	0	55	1	3	16	1	7	23	
1412	0	APA0	4	0	0	8	1	12	16	3	8	56	
1401	0	APA0	4	0	0	54	1	1	16	1	6	22	
1410	0	APA0	4	0	0	9	1	10	16	3	9	57	
2308	0	APA0	4	0	0	53	2	11	16	1	5	21	
2297	0	APA0	4	0	0	10	2	22	16	3	10	58	
1400	0	APA0	4	0	0	25	1	0	16	0	9	9	
1411	0	APA0	4	0	0	38	1	11	16	2	6	38	
1402	0	APA0	4	0	0	24	1	2	16	0	8	8	
1413	0	APA0	4	0	0	39	1	13	16	2	7	39	
1404	0	APA0	4	0	0	23	1	4	16	0	7	7	
1415	0	APA0	4	0	0	40	1	15	16	2	8	40	
1406	0	APA0	4	0	0	22	1	6	16	0	6	6	
1417	0	APA0	4	0	0	41	1	17	16	2	9	41	
1408	0	APA0	4	0	0	21	1	8	16	0	5	5	
1419	0	APA0	4	0	0	42	1	19	16	2	10	42	
1420	0	APA0	4	0	0	73	1	20	16	4	9	73	
1431	0	APA0	4	0	0	118	1	31	16	6	6	102	
1422	0	APA0	4	0	0	72	1	22	16	4	8	72	
1433	0	APA0	4	0	0	119	1	33	16	6	7	103	
1424	0	APA0	4	0	0	71	1	24	16	4	7	71	
1435	0	APA0	4	0	0	120	1	35	16	6	8	104	
1426	0	APA0	4	0	0	70	1	26	16	4	6	70	
1437	0	APA0	4	0	0	121	1	37	16	6	9	105	
1428	0	APA0	4	0	0	69	1	28	16	4	5	69	
1439	0	APA0	4	0	0	122	1	39	16	6	10	106	
1427	0	APA0	4	0	0	105	1	27	16	5	9	89	
1436	0	APA0	4	0	0	86	1	36	16	7	6	118	
1425	0	APA0	4	0	0	104	1	25	16	5	8	88	
1434	0	APA0	4	0	0	87	1	34	16	7	7	119	
1423	0	APA0	4	0	0	103	1	23	16	5	7	87	
1432	0	APA0	4	0	0	88	1	32	16	7	8	120	
1421	0	APA0	4	0	0	102	1	21	16	5	6	86	
1430	0	APA0	4	0	0	89	1	30	16	7	9	121	
2284	0	APA0	4	0	0	101	2	35	16	5	5	85	
2273	0	APA0	4	0	0	90	2	46	16	7	10	122	
590	0	APA0	4	0	0	63	0	9	16	1	15	31	
581	0	APA0	4	0	0	0	0	18	16	3	0	48	
592	0	APA0	4	0	0	62	0	7	16	1	14	30	
583	0	APA0	4	0	0	1	0	16	16	3	1	49	
594	0	APA0	4	0	0	61	0	5	16	1	13	29	
585	0	APA0	4	0	0	2	0	14	16	3	2	50	
596	0	APA0	4	0	0	60	0	3	16	1	12	28	
587	0	APA0	4	0	0	3	0	12	16	3	3	51	
598	0	APA0	4	0	0	59	0	1	16	1	11	27	
589	0	APA0	4	0	0	4	0	10	16	3	4	52	
1409	0	APA0	4	0	0	58	1	9	16	1	10	26	
1418	0	APA0	4	0	0	5	1	18	16	3	5	53	
2319	0	APA0	4	0	0	31	2	0	16	0	15	15	
2306	0	APA0	4	0	0	32	2	13	16	2	0	32	
2317	0	APA0	4	0	0	30	2	2	16	0	14	14	
2304	0	APA0	4	0	0	33	2	15	16	2	1	33	
2315	0	APA0	4	0	0	29	2	4	16	0	13	13	
2302	0	APA0	4	0	0	34	2	17	16	2	2	34	
2313	0	APA0	4	0	0	28	2	6	16	0	12	12	
2300	0	APA0	4	0	0	35	2	19	16	2	3	35	
2311	0	APA0	4	0	0	27	2	8	16	0	11	11	
2298	0	APA0	4	0	0	36	2	21	16	2	4	36	
2309	0	APA0	4	0	0	26	2	10	16	0	10	10	
2296	0	APA0	4	0	0	37	2	23	16	2	5	37	
2295	0	APA0	4	0	0	79	2	24	16	4	15	79	
2282	0	APA0	4	0	0	112	2	37	16	6	0	96	
2293	0	APA0	4	0	0	78	2	26	16	4	14	78	
2280	0	APA0	4	0	0	113	2	39	16	6	1	97	
2291	0	APA0	4	0	0	77	2	28	16	4	13	77	
2278	0	APA0	4	0	0	114	2	41	16	6	2	98	
2289	0	APA0	4	0	0	76	2	30	16	4	12	76	
2276	0	APA0	4	0	0	115	2	43	16	6	3	99	
2287	0	APA0	4	0	0	75	2	32	16	4	11	75	
2274	0	APA0	4	0	0	116	2	45	16	6	4	100	
2285	0	APA0	4	0	0	74	2	34	16	4	10	74	
2272	0	APA0	4	0	0	117	2	47	16	6	5	101	
570	0	APA0	4	0	0	111	0	29	16	5	15	95	
561	0	APA0	4	0	0	80	0	38	16	7	0	112	
572	0	APA0	4	0	0	110	0	27	16	5	14	94	
563	0	APA0	4	0	0	81	0	36	16	7	1	113	
574	0	APA0	4	0	0	109	0	25	16	5	13	93	
565	0	APA0	4	0	0	82	0	34	16	7	2	114	
576	0	APA0	4	0	0	108	0	23	16	5	12	92	
567	0	APA0	4	0	0	83	0	32	16	7	3	115	
578	0	APA0	4	0	0	107	0	21	16	5	11	91	
569	0	APA0	4	0	0	84	0	30	16	7	4	116	
1429	0	APA0	4	0	0	106	1	29	16	5	10	90	
1438	0	APA0	4	0	0	85	1	38	16	7	5	117	
2262	0	APA0	5	1	1	52	2	9	17	1	4	148	
2251	0	APA0	5	1	1	11	2	20	17	3	11	187	
2264	0	APA0	5	1	1	51	2	7	17	1	3	147	
2253	0	APA0	5	1	1	12	2	18	17	3	12	188	
2266	0	APA0	5	1	1	50	2	5	17	1	2	146	
2255	0	APA0	5	1	1	13	2	16	17	3	13	189	
2268	0	APA0	5	1	1	49	2	3	17	1	1	145	
2257	0	APA0	5	1	1	14	2	14	17	3	14	190	
2270	0	APA0	5	1	1	48	2	1	17	1	0	144	
2259	0	APA0	5	1	1	15	2	12	17	3	15	191	
559	0	APA0	5	1	1	20	0	0	17	0	4	132	
548	0	APA0	5	1	1	43	0	11	17	2	11	171	
557	0	APA0	5	1	1	19	0	2	17	0	3	131	
546	0	APA0	5	1	1	44	0	13	17	2	12	172	
555	0	APA0	5	1	1	18	0	4	17	0	2	130	
544	0	APA0	5	1	1	45	0	15	17	2	13	173	
553	0	APA0	5	1	1	17	0	6	17	0	1	129	
542	0	APA0	5	1	1	46	0	17	17	2	14	174	
551	0	APA0	5	1	1	16	0	8	17	0	0	128	
540	0	APA0	5	1	1	47	0	19	17	2	15	175	
539	0	APA0	5	1	1	68	0	20	17	4	4	196	
528	0	APA0	5	1	1	123	0	31	17	6	11	235	
537	0	APA0	5	1	1	67	0	22	17	4	3	195	
526	0	APA0	5	1	1	124	0	33	17	6	12	236	
535	0	APA0	5	1	1	66	0	24	17	4	2	194	
524	0	APA0	5	1	1	125	0	35	17	6	13	237	
533	0	APA0	5	1	1	65	0	26	17	4	1	193	
522	0	APA0	5	1	1	126	0	37	17	6	14	238	
531	0	APA0	5	1	1	64	0	28	17	4	0	192	
520	0	APA0	5	1	1	127	0	39	17	6	15	239	
2238	0	APA0	5	1	1	100	2	33	17	5	4	212	
2227	0	APA0	5	1	1	91	2	44	17	7	11	251	
2240	0	APA0	5	1	1	99	2	31	17	5	3	211	
2229	0	APA0	5	1	1	92	2	42	17	7	12	252	
2242	0	APA0	5	1	1	98	2	29	17	5	2	210	
2231	0	APA0	5	1	1	93	2	40	17	7	13	253	
2244	0	APA0	5	1	1	97	2	27	17	5	1	209	
2233	0	APA0	5	1	1	94	2	38	17	7	14	254	
2246	0	APA0	5	1	1	96	2	25	17	5	0	208	
2235	0	APA0	5	1	1	95	2	36	17	7	15	255	
1447	0	APA0	5	1	1	57	1	7	17	1	9	153	
1456	0	APA0	5	1	1	6	1	16	17	3	6	182	
1445	0	APA0	5	1	1	56	1	5	17	1	8	152	
1454	0	APA0	5	1	1	7	1	14	17	3	7	183	
1443	0	APA0	5	1	1	55	1	3	17	1	7	151	
1452	0	APA0	5	1	1	8	1	12	17	3	8	184	
1441	0	APA0	5	1	1	54	1	1	17	1	6	150	
1450	0	APA0	5	1	1	9	1	10	17	3	9	185	
2260	0	APA0	5	1	1	53	2	11	17	1	5	149	
2249	0	APA0	5	1	1	10	2	22	17	3	10	186	
1440	0	APA0	5	1	1	25	1	0	17	0	9	137	
1451	0	APA0	5	1	1	38	1	11	17	2	6	166	
1442	0	APA0	5	1	1	24	1	2	17	0	8	136	
1453	0	APA0	5	1	1	39	1	13	17	2	7	167	
1444	0	APA0	5	1	1	23	1	4	17	0	7	135	
1455	0	APA0	5	1	1	40	1	15	17	2	8	168	
1446	0	APA0	5	1	1	22	1	6	17	0	6	134	
1457	0	APA0	5	1	1	41	1	17	17	2	9	169	
1448	0	APA0	5	1	1	21	1	8	17	0	5	133	
1459	0	APA0	5	1	1	42	1	19	17	2	10	170	
1460	0	APA0	5	1	1	73	1	20	17	4	9	201	
1471	0	APA0	5	1	1	118	1	31	17	6	6	230	
1462	0	APA0	5	1	1	72	1	22	17	4	8	200	
1473	0	APA0	5	1	1	119	1	33	17	6	7	231	
1464	0	APA0	5	1	1	71	1	24	17	4	7	199	
1475	0	APA0	5	1	1	120	1	35	17	6	8	232	
1466	0	APA0	5	1	1	70	1	26	17	4	6	198	
1477	0	APA0	5	1	1	121	1	37	17	6	9	233	
1468	0	APA0	5	1	1	69	1	28	17	4	5	197	
1479	0	APA0	5	1	1	122	1	39	17	6	10	234	
1467	0	APA0	5	1	1	105	1	27	17	5	9	217	
1476	0	APA0	5	1	1	86	1	36	17	7	6	246	
1465	0	APA0	5	1	1	104	1	25	17	5	8	216	
1474	0	APA0	5	1	1	87	1	34	17	7	7	247	
1463	0	APA0	5	1	1	103	1	23	17	5	7	215	
1472	0	APA0	5	1	1	88	1	32	17	7	8	248	
1461	0	APA0	5	1	1	102	1	21	17	5	6	214	
1470	0	APA0	5	1	1	89	1	30	17	7	9	249	
2236	0	APA0	5	1	1	101	2	35	17	5	5	213	
2225	0	APA0	5	1	1	90	2	46	17	7	10	250	
550	0	APA0	5	1	1	63	0	9	17	1	15	159	
541	0	APA0	5	1	1	0	0	18	17	3	0	176	
552	0	APA0	5	1	1	62	0	7	17	1	14	158	
543	0	APA0	5	1	1	1	0	16	17	3	1	177	
554	0	APA0	5	1	1	61	0	5	17	1	13	157	
545	0	APA0	5	1	1	2	0	14	17	3	2	178	
556	0	APA0	5	1	1	60	0	3	17	1	12	156	
547	0	APA0	5	1	1	3	0	12	17	3	3	179	
558	0	APA0	5	1	1	59	0	1	17	1	11	155	
549	0	APA0	5	1	1	4	0	10	17	3	4	180	
1449	0	APA0	5	1	1	58	1	9	17	1	10	154	
1458	0	APA0	5	1	1	5	1	18	17	3	5	181	
2271	0	APA0	5	1	1	31	2	0	17	0	15	143	
2258	0	APA0	5	1	1	32	2	13	17	2	0	160	
2269	0	APA0	5	1	1	30	2	2	17	0	14	142	
2256	0	APA0	5	1	1	33	2	15	17	2	1	161	
2267	0	APA0	5	1	1	29	2	4	17	0	13	141	
2254	0	APA0	5	1	1	34	2	17	17	2	2	162	
2265	0	APA0	5	1	1	28	2	6	17	0	12	140	
2252	0	APA0	5	1	1	35	2	19	17	2	3	163	
2263	0	APA0	5	1	1	27	2	8	17	0	11	139	
2250	0	APA0	5	1	1	36	2	21	17	2	4	164	
2261	0	APA0	5	1	1	26	2	10	17	0	10	138	
2248	0	APA0	5	1	1	37	2	23	17	2	5	165	
2247	0	APA0	5	1	1	79	2	24	17	4	15	207	
2234	0	APA0	5	1	1	112	2	37	17	6	0	224	
2245	0	APA0	5	1	1	78	2	26	17	4	14	206	
2232	0	APA0	5	1	1	113	2	39	17	6	1	225	
2243	0	APA0	5	1	1	77	2	28	17	4	13	205	
2230	0	APA0	5	1	1	114	2	41	17	6	2	226	
2241	0	APA0	5	1	1	76	2	30	17	4	12	204	
2228	0	APA0	5	1	1	115	2	43	17	6	3	227	
2239	0	APA0	5	1	1	75	2	32	17	4	11	203	
2226	0	APA0	5	1	1	116	2	45	17	6	4	228	
2237	0	APA0	5	1	1	74	2	34	17	4	10	202	
2224	0	APA0	5	1	1	117	2	47	17	6	5	229	
530	0	APA0	5	1	1	111	0	29	17	5	15	223	
521	0	APA0	5	1	1	80	0	38	17	7	0	240	
532	0	APA0	5	1	1	110	0	27	17	5	14	222	
523	0	APA0	5	1	1	81	0	36	17	7	1	241	
534	0	APA0	5	1	1	109	0	25	17	5	13	221	
525	0	APA0	5	1	1	82	0	34	17	7	2	242	
536	0	APA0	5	1	1	108	0	23	17	5	12	220	
527	0	APA0	5	1	1	83	0	32	17	7	3	243	
538	0	APA0	5	1	1	107	0	21	17	5	11	219	
529	0	APA0	5	1	1	84	0	30	17	7	4	244	
1469	0	APA0	5	1	1	106	1	29	17	5	10	218	
1478	0	APA0	5	1	1	85	1	38	17	7	5	245	
2214	0	APA0	5	1	0	52	2	9	18	1	4	20	
2203	0	APA0	5	1	0	11	2	20	18	3	11	59	
2216	0	APA0	5	1	0	51	2	7	18	1	3	19	
2205	0	APA0	5	1	0	12	2	18	18	3	12	60	
2218	0	APA0	5	1	0	50	2	5	18	1	2	18	
2207	0	APA0	5	1	0	13	2	16	18	3	13	61	
2220	0	APA0	5	1	0	49	2	3	18	1	1	17	
2209	0	APA0	5	1	0	14	2	14	18	3	14	62	
2222	0	APA0	5	1	0	48	2	1	18	1	0	16	
2211	0	APA0	5	1	0	15	2	12	18	3	15	63	
519	0	APA0	5	1	0	20	0	0	18	0	4	4	
508	0	APA0	5	1	0	43	0	11	18	2	11	43	
517	0	APA0	5	1	0	19	0	2	18	0	3	3	
506	0	APA0	5	1	0	44	0	13	18	2	12	44	
515	0	APA0	5	1	0	18	0	4	18	0	2	2	
504	0	APA0	5	1	0	45	0	15	18	2	13	45	
513	0	APA0	5	1	0	17	0	6	18	0	1	1	
502	0	APA0	5	1	0	46	0	17	18	2	14	46	
511	0	APA0	5	1	0	16	0	8	18	0	0	0	
500	0	APA0	5	1	0	47	0	19	18	2	15	47	
499	0	APA0	5	1	0	68	0	20	18	4	4	68	
488	0	APA0	5	1	0	123	0	31	18	6	11	107	
497	0	APA0	5	1	0	67	0	22	18	4	3	67	
486	0	APA0	5	1	0	124	0	33	18	6	12	108	
495	0	APA0	5	1	0	66	0	24	18	4	2	66	
484	0	APA0	5	1	0	125	0	35	18	6	13	109	
493	0	APA0	5	1	0	65	0	26	18	4	1	65	
482	0	APA0	5	1	0	126	0	37	18	6	14	110	
491	0	APA0	5	1	0	64	0	28	18	4	0	64	
480	0	APA0	5	1	0	127	0	39	18	6	15	111	
2190	0	APA0	5	1	0	100	2	33	18	5	4	84	
2179	0	APA0	5	1	0	91	2	44	18	7	11	123	
2192	0	APA0	5	1	0	99	2	31	18	5	3	83	
2181	0	APA0	5	1	0	92	2	42	18	7	12	124	
2194	0	APA0	5	1	0	98	2	29	18	5	2	82	
2183	0	APA0	5	1	0	93	2	40	18	7	13	125	
2196	0	APA0	5	1	0	97	2	27	18	5	1	81	
2185	0	APA0	5	1	0	94	2	38	18	7	14	126	
2198	0	APA0	5	1	0	96	2	25	18	5	0	80	
2187	0	APA0	5	1	0	95	2	36	18	7	15	127	
1487	0	APA0	5	1	0	57	1	7	18	1	9	25	
1496	0	APA0	5	1	0	6	1	16	18	3	6	54	
1485	0	APA0	5	1	0	56	1	5	18	1	8	24	
1494	0	APA0	5	1	0	7	1	14	18	3	7	55	
1483	0	APA0	5	1	0	55	1	3	18	1	7	23	
1492	0	APA0	5	1	0	8	1	12	18	3	8	56	
1481	0	APA0	5	1	0	54	1	1	18	1	6	22	
1490	0	APA0	5	1	0	9	1	10	18	3	9	57	
2212	0	APA0	5	1	0	53	2	11	18	1	5	21	
2201	0	APA0	5	1	0	10	2	22	18	3	10	58	
1480	0	APA0	5	1	0	25	1	0	18	0	9	9	
1491	0	APA0	5	1	0	38	1	11	18	2	6	38	
1482	0	APA0	5	1	0	24	1	2	18	0	8	8	
1493	0	APA0	5	1	0	39	1	13	18	2	7	39	
1484	0	APA0	5	1	0	23	1	4	18	0	7	7	
1495	0	APA0	5	1	0	40	1	15	18	2	8	40	
1486	0	APA0	5	1	0	22	1	6	18	0	6	6	
1497	0	APA0	5	1	0	41	1	17	18	2	9	41	
1488	0	APA0	5	1	0	21	1	8	18	0	5	5	
1499	0	APA0	5	1	0	42	1	19	18	2	10	42	
1500	0	APA0	5	1	0	73	1	20	18	4	9	73	
1511	0	APA0	5	1	0	118	1	31	18	6	6	102	
1502	0	APA0	5	1	0	72	1	22	18	4	8	72	
1513	0	APA0	5	1	0	119	1	33	18	6	7	103	
1504	0	APA0	5	1	0	71	1	24	18	4	7	71	
1515	0	APA0	5	1	0	120	1	35	18	6	8	104	
1506	0	APA0	5	1	0	70	1	26	18	4	6	70	
1517	0	APA0	5	1	0	121	1	37	18	6	9	105	
1508	0	APA0	5	1	0	69	1	28	18	4	5	69	
1519	0	APA0	5	1	0	122	1	39	18	6	10	106	
1507	0	APA0	5	1	0	105	1	27	18	5	9	89	
1516	0	APA0	5	1	0	86	1	36	18	7	6	118	
1505	0	APA0	5	1	0	104	1	25	18	5	8	88	
1514	0	APA0	5	1	0	87	1	34	18	7	7	119	
1503	0	APA0	5	1	0	103	1	23	18	5	7	87	
1512	0	APA0	5	1	0	88	1	32	18	7	8	120	
1501	0	APA0	5	1	0	102	1	21	18	5	6	86	
1510	0	APA0	5	1	0	89	1	30	18	7	9	121	
2188	0	APA0	5	1	0	101	2	35	18	5	5	85	
2177	0	APA0	5	1	0	90	2	46	18	7	10	122	
510	0	APA0	5	1	0	63	0	9	18	1	15	31	
501	0	APA0	5	1	0	0	0	18	18	3	0	48	
512	0	APA0	5	1	0	62	0	7	18	1	14	30	
503	0	APA0	5	1	0	1	0	16	18	3	1	49	
514	0	APA0	5	1	0	61	0	5	18	1	13	29	
505	0	APA0	5	1	0	2	0	14	18	3	2	50	
516	0	APA0	5	1	0	60	0	3	18	1	12	28	
507	0	APA0	5	1	0	3	0	12	18	3	3	51	
518	0	APA0	5	1	0	59	0	1	18	1	11	27	
509	0	APA0	5	1	0	4	0	10	18	3	4	52	
1489	0	APA0	5	1	0	58	1	9	18	1	10	26	
1498	0	APA0	5	1	0	5	1	18	18	3	5	53	
2223	0	APA0	5	1	0	31	2	0	18	0	15	15	
2210	0	APA0	5	1	0	32	2	13	18	2	0	32	
2221	0	APA0	5	1	0	30	2	2	18	0	14	14	
2208	0	APA0	5	1	0	33	2	15	18	2	1	33	
2219	0	APA0	5	1	0	29	2	4	18	0	13	13	
2206	0	APA0	5	1	0	34	2	17	18	2	2	34	
2217	0	APA0	5	1	0	28	2	6	18	0	12	12	
2204	0	APA0	5	1	0	35	2	19	18	2	3	35	
2215	0	APA0	5	1	0	27	2	8	18	0	11	11	
2202	0	APA0	5	1	0	36	2	21	18	2	4	36	
2213	0	APA0	5	1	0	26	2	10	18	0	10	10	
2200	0	APA0	5	1	0	37	2	23	18	2	5	37	
2199	0	APA0	5	1	0	79	2	24	18	4	15	79	
2186	0	APA0	5	1	0	112	2	37	18	6	0	96	
2197	0	APA0	5	1	0	78	2	26	18	4	14	78	
2184	0	APA0	5	1	0	113	2	39	18	6	1	97	
2195	0	APA0	5	1	0	77	2	28	18	4	13	77	
2182	0	APA0	5	1	0	114	2	41	18	6	2	98	
2193	0	APA0	5	1	0	76	2	30	18	4	12	76	
2180	0	APA0	5	1	0	115	2	43	18	6	3	99	
2191	0	APA0	5	1	0	75	2	32	18	4	11	75	
2178	0	APA0	5	1	0	116	2	45	18	6	4	100	
2189	0	APA0	5	1	0	74	2	34	18	4	10	74	
2176	0	APA0	5	1	0	117	2	47	18	6	5	101	
490	0	APA0	5	1	0	111	0	29	18	5	15	95	
481	0	APA0	5	1	0	80	0	38	18	7	0	112	
492	0	APA0	5	1	0	110	0	27	18	5	14	94	
483	0	APA0	5	1	0	81	0	36	18	7	1	113	
494	0	APA0	5	1	0	109	0	25	18	5	13	93	
485	0	APA0	5	1	0	82	0	34	18	7	2	114	
496	0	APA0	5	1	0	108	0	23	18	5	12	92	
487	0	APA0	5	1	0	83	0	32	18	7	3	115	
498	0	APA0	5	1	0	107	0	21	18	5	11	91	
489	0	APA0	5	1	0	84	0	30	18	7	4	116	
1509	0	APA0	5	1	0	106	1	29	18	5	10	90	
1518	0	APA0	5	1	0	85	1	38	18	7	5	117	
2166	0	APA0	5	0	1	52	2	9	19	1	4	148	
2155	0	APA0	5	0	1	11	2	20	19	3	11	187	
2168	0	APA0	5	0	1	51	2	7	19	1	3	147	
2157	0	APA0	5	0	1	12	2	18	19	3	12	188	
2170	0	APA0	5	0	1	50	2	5	19	1	2	146	
2159	0	APA0	5	0	1	13	2	16	19	3	13	189	
2172	0	APA0	5	0	1	49	2	3	19	1	1	145	
2161	0	APA0	5	0	1	14	2	14	19	3	14	190	
2174	0	APA0	5	0	1	48	2	1	19	1	0	144	
2163	0	APA0	5	0	1	15	2	12	19	3	15	191	
479	0	APA0	5	0	1	20	0	0	19	0	4	132	
468	0	APA0	5	0	1	43	0	11	19	2	11	171	
477	0	APA0	5	0	1	19	0	2	19	0	3	131	
466	0	APA0	5	0	1	44	0	13	19	2	12	172	
475	0	APA0	5	0	1	18	0	4	19	0	2	130	
464	0	APA0	5	0	1	45	0	15	19	2	13	173	
473	0	APA0	5	0	1	17	0	6	19	0	1	129	
462	0	APA0	5	0	1	46	0	17	19	2	14	174	
471	0	APA0	5	0	1	16	0	8	19	0	0	128	
460	0	APA0	5	0	1	47	0	19	19	2	15	175	
459	0	APA0	5	0	1	68	0	20	19	4	4	196	
448	0	APA0	5	0	1	123	0	31	19	6	11	235	
457	0	APA0	5	0	1	67	0	22	19	4	3	195	
446	0	APA0	5	0	1	124	0	33	19	6	12	236	
455	0	APA0	5	0	1	66	0	24	19	4	2	194	
444	0	APA0	5	0	1	125	0	35	19	6	13	237	
453	0	APA0	5	0	1	65	0	26	19	4	1	193	
442	0	APA0	5	0	1	126	0	37	19	6	14	238	
451	0	APA0	5	0	1	64	0	28	19	4	0	192	
440	0	APA0	5	0	1	127	0	39	19	6	15	239	
2142	0	APA0	5	0	1	100	2	33	19	5	4	212	
2131	0	APA0	5	0	1	91	2	44	19	7	11	251	
2144	0	APA0	5	0	1	99	2	31	19	5	3	211	
2133	0	APA0	5	0	1	92	2	42	19	7	12	252	
2146	0	APA0	5	0	1	98	2	29	19	5	2	210	
2135	0	APA0	5	0	1	93	2	40	19	7	13	253	
2148	0	APA0	5	0	1	97	2	27	19	5	1	209	
2137	0	APA0	5	0	1	94	2	38	19	7	14	254	
2150	0	APA0	5	0	1	96	2	25	19	5	0	208	
2139	0	APA0	5	0	1	95	2	36	19	7	15	255	
1527	0	APA0	5	0	1	57	1	7	19	1	9	153	
1536	0	APA0	5	0	1	6	1	16	19	3	6	182	
1525	0	APA0	5	0	1	56	1	5	19	1	8	152	
1534	0	APA0	5	0	1	7	1	14	19	3	7	183	
1523	0	APA0	5	0	1	55	1	3	19	1	7	151	
1532	0	APA0	5	0	1	8	1	12	19	3	8	184	
1521	0	APA0	5	0	1	54	1	1	19	1	6	150	
1530	0	APA0	5	0	1	9	1	10	19	3	9	185	
2164	0	APA0	5	0	1	53	2	11	19	1	5	149	
2153	0	APA0	5	0	1	10	2	22	19	3	10	186	
1520	0	APA0	5	0	1	25	1	0	19	0	9	137	
1531	0	APA0	5	0	1	38	1	11	19	2	6	166	
1522	0	APA0	5	0	1	24	1	2	19	0	8	136	
1533	0	APA0	5	0	1	39	1	13	19	2	7	167	
1524	0	APA0	5	0	1	23	1	4	19	0	7	135	
1535	0	APA0	5	0	1	40	1	15	19	2	8	168	
1526	0	APA0	5	0	1	22	1	6	19	0	6	134	
1537	0	APA0	5	0	1	41	1	17	19	2	9	169	
1528	0	APA0	5	0	1	21	1	8	19	0	5	133	
1539	0	APA0	5	0	1	42	1	19	19	2	10	170	
1540	0	APA0	5	0	1	73	1	20	19	4	9	201	
1551	0	APA0	5	0	1	118	1	31	19	6	6	230	
1542	0	APA0	5	0	1	72	1	22	19	4	8	200	
1553	0	APA0	5	0	1	119	1	33	19	6	7	231	
1544	0	APA0	5	0	1	71	1	24	19	4	7	199	
1555	0	APA0	5	0	1	120	1	35	19	6	8	232	
1546	0	APA0	5	0	1	70	1	26	19	4	6	198	
1557	0	APA0	5	0	1	121	1	37	19	6	9	233	
1548	0	APA0	5	0	1	69	1	28	19	4	5	197	
1559	0	APA0	5	0	1	122	1	39	19	6	10	234	
1547	0	APA0	5	0	1	105	1	27	19	5	9	217	
1556	0	APA0	5	0	1	86	1	36	19	7	6	246	
1545	0	APA0	5	0	1	104	1	25	19	5	8	216	
1554	0	APA0	5	0	1	87	1	34	19	7	7	247	
1543	0	APA0	5	0	1	103	1	23	19	5	7	215	
1552	0	APA0	5	0	1	88	1	32	19	7	8	248	
1541	0	APA0	5	0	1	102	1	21	19	5	6	214	
1550	0	APA0	5	0	1	89	1	30	19	7	9	249	
2140	0	APA0	5	0	1	101	2	35	19	5	5	213	
2129	0	APA0	5	0	1	90	2	46	19	7	10	250	
470	0	APA0	5	0	1	63	0	9	19	1	15	159	
461	0	APA0	5	0	1	0	0	18	19	3	0	176	
472	0	APA0	5	0	1	62	0	7	19	1	14	158	
463	0	APA0	5	0	1	1	0	16	19	3	1	177	
474	0	APA0	5	0	1	61	0	5	19	1	13	157	
465	0	APA0	5	0	1	2	0	14	19	3	2	178	
476	0	APA0	5	0	1	60	0	3	19	1	12	156	
467	0	APA0	5	0	1	3	0	12	19	3	3	179	
478	0	APA0	5	0	1	59	0	1	19	1	11	155	
469	0	APA0	5	0	1	4	0	10	19	3	4	180	
1529	0	APA0	5	0	1	58	1	9	19	1	10	154	
1538	0	APA0	5	0	1	5	1	18	19	3	5	181	
2175	0	APA0	5	0	1	31	2	0	19	0	15	143	
2162	0	APA0	5	0	1	32	2	13	19	2	0	160	
2173	0	APA0	5	0	1	30	2	2	19	0	14	142	
2160	0	APA0	5	0	1	33	2	15	19	2	1	161	
2171	0	APA0	5	0	1	29	2	4	19	0	13	141	
2158	0	APA0	5	0	1	34	2	17	19	2	2	162	
2169	0	APA0	5	0	1	28	2	6	19	0	12	140	
2156	0	APA0	5	0	1	35	2	19	19	2	3	163	
2167	0	APA0	5	0	1	27	2	8	19	0	11	139	
2154	0	APA0	5	0	1	36	2	21	19	2	4	164	
2165	0	APA0	5	0	1	26	2	10	19	0	10	138	
2152	0	APA0	5	0	1	37	2	23	19	2	5	165	
2151	0	APA0	5	0	1	79	2	24	19	4	15	207	
2138	0	APA0	5	0	1	112	2	37	19	6	0	224	
2149	0	APA0	5	0	1	78	2	26	19	4	14	206	
2136	0	APA0	5	0	1	113	2	39	19	6	1	225	
2147	0	APA0	5	0	1	77	2	28	19	4	13	205	
2134	0	APA0	5	0	1	114	2	41	19	6	2	226	
2145	0	APA0	5	0	1	76	2	30	19	4	12	204	
2132	0	APA0	5	0	1	115	2	43	19	6	3	227	
2143	0	APA0	5	0	1	75	2	32	19	4	11	203	
2130	0	APA0	5	0	1	116	2	45	19	6	4	228	
2141	0	APA0	5	0	1	74	2	34	19	4	10	202	
2128	0	APA0	5	0	1	117	2	47	19	6	5	229	
450	0	APA0	5	0	1	111	0	29	19	5	15	223	
441	0	APA0	5	0	1	80	0	38	19	7	0	240	
452	0	APA0	5	0	1	110	0	27	19	5	14	222	
443	0	APA0	5	0	1	81	0	36	19	7	1	241	
454	0	APA0	5	0	1	109	0	25	19	5	13	221	
445	0	APA0	5	0	1	82	0	34	19	7	2	242	
456	0	APA0	5	0	1	108	0	23	19	5	12	220	
447	0	APA0	5	0	1	83	0	32	19	7	3	243	
458	0	APA0	5	0	1	107	0	21	19	5	11	219	
449	0	APA0	5	0	1	84	0	30	19	7	4	244	
1549	0	APA0	5	0	1	106	1	29	19	5	10	218	
1558	0	APA0	5	0	1	85	1	38	19	7	5	245	
2118	0	APA0	5	0	0	52	2	9	20	1	4	20	
2107	0	APA0	5	0	0	11	2	20	20	3	11	59	
2120	0	APA0	5	0	0	51	2	7	20	1	3	19	
2109	0	APA0	5	0	0	12	2	18	20	3	12	60	
2122	0	APA0	5	0	0	50	2	5	20	1	2	18	
2111	0	APA0	5	0	0	13	2	16	20	3	13	61	
2124	0	APA0	5	0	0	49	2	3	20	1	1	17	
2113	0	APA0	5	0	0	14	2	14	20	3	14	62	
2126	0	APA0	5	0	0	48	2	1	20	1	0	16	
2115	0	APA0	5	0	0	15	2	12	20	3	15	63	
439	0	APA0	5	0	0	20	0	0	20	0	4	4	
428	0	APA0	5	0	0	43	0	11	20	2	11	43	
437	0	APA0	5	0	0	19	0	2	20	0	3	3	
426	0	APA0	5	0	0	44	0	13	20	2	12	44	
435	0	APA0	5	0	0	18	0	4	20	0	2	2	
424	0	APA0	5	0	0	45	0	15	20	2	13	45	
433	0	APA0	5	0	0	17	0	6	20	0	1	1	
422	0	APA0	5	0	0	46	0	17	20	2	14	46	
431	0	APA0	5	0	0	16	0	8	20	0	0	0	
420	0	APA0	5	0	0	47	0	19	20	2	15	47	
419	0	APA0	5	0	0	68	0	20	20	4	4	68	
408	0	APA0	5	0	0	123	0	31	20	6	11	107	
417	0	APA0	5	0	0	67	0	22	20	4	3	67	
406	0	APA0	5	0	0	124	0	33	20	6	12	108	
415	0	APA0	5	0	0	66	0	24	20	4	2	66	
404	0	APA0	5	0	0	125	0	35	20	6	13	109	
413	0	APA0	5	0	0	65	0	26	20	4	1	65	
402	0	APA0	5	0	0	126	0	37	20	6	14	110	
411	0	APA0	5	0	0	64	0	28	20	4	0	64	
400	0	APA0	5	0	0	127	0	39	20	6	15	111	
2094	0	APA0	5	0	0	100	2	33	20	5	4	84	
2083	0	APA0	5	0	0	91	2	44	20	7	11	123	
2096	0	APA0	5	0	0	99	2	31	20	5	3	83	
2085	0	APA0	5	0	0	92	2	42	20	7	12	124	
2098	0	APA0	5	0	0	98	2	29	20	5	2	82	
2087	0	APA0	5	0	0	93	2	40	20	7	13	125	
2100	0	APA0	5	0	0	97	2	27	20	5	1	81	
2089	0	APA0	5	0	0	94	2	38	20	7	14	126	
2102	0	APA0	5	0	0	96	2	25	20	5	0	80	
2091	0	APA0	5	0	0	95	2	36	20	7	15	127	
1567	0	APA0	5	0	0	57	1	7	20	1	9	25	
1576	0	APA0	5	0	0	6	1	16	20	3	6	54	
1565	0	APA0	5	0	0	56	1	5	20	1	8	24	
1574	0	APA0	5	0	0	7	1	14	20	3	7	55	
1563	0	APA0	5	0	0	55	1	3	20	1	7	23	
1572	0	APA0	5	0	0	8	1	12	20	3	8	56	
1561	0	APA0	5	0	0	54	1	1	20	1	6	22	
1570	0	APA0	5	0	0	9	1	10	20	3	9	57	
2116	0	APA0	5	0	0	53	2	11	20	1	5	21	
2105	0	APA0	5	0	0	10	2	22	20	3	10	58	
1560	0	APA0	5	0	0	25	1	0	20	0	9	9	
1571	0	APA0	5	0	0	38	1	11	20	2	6	38	
1562	0	APA0	5	0	0	24	1	2	20	0	8	8	
1573	0	APA0	5	0	0	39	1	13	20	2	7	39	
1564	0	APA0	5	0	0	23	1	4	20	0	7	7	
1575	0	APA0	5	0	0	40	1	15	20	2	8	40	
1566	0	APA0	5	0	0	22	1	6	20	0	6	6	
1577	0	APA0	5	0	0	41	1	17	20	2	9	41	
1568	0	APA0	5	0	0	21	1	8	20	0	5	5	
1579	0	APA0	5	0	0	42	1	19	20	2	10	42	
1580	0	APA0	5	0	0	73	1	20	20	4	9	73	
1591	0	APA0	5	0	0	118	1	31	20	6	6	102	
1582	0	APA0	5	0	0	72	1	22	20	4	8	72	
1593	0	APA0	5	0	0	119	1	33	20	6	7	103	
1584	0	APA0	5	0	0	71	1	24	20	4	7	71	
1595	0	APA0	5	0	0	120	1	35	20	6	8	104	
1586	0	APA0	5	0	0	70	1	26	20	4	6	70	
1597	0	APA0	5	0	0	121	1	37	20	6	9	105	
1588	0	APA0	5	0	0	69	1	28	20	4	5	69	
1599	0	APA0	5	0	0	122	1	39	20	6	10	106	
1587	0	APA0	5	0	0	105	1	27	20	5	9	89	
1596	0	APA0	5	0	0	86	1	36	20	7	6	118	
1585	0	APA0	5	0	0	104	1	25	20	5	8	88	
1594	0	APA0	5	0	0	87	1	34	20	7	7	119	
1583	0	APA0	5	0	0	103	1	23	20	5	7	87	
1592	0	APA0	5	0	0	88	1	32	20	7	8	120	
1581	0	APA0	5	0	0	102	1	21	20	5	6	86	
1590	0	APA0	5	0	0	89	1	30	20	7	9	121	
2092	0	APA0	5	0	0	101	2	35	20	5	5	85	
2081	0	APA0	5	0	0	90	2	46	20	7	10	122	
430	0	APA0	5	0	0	63	0	9	20	1	15	31	
421	0	APA0	5	0	0	0	0	18	20	3	0	48	
432	0	APA0	5	0	0	62	0	7	20	1	14	30	
423	0	APA0	5	0	0	1	0	16	20	3	1	49	
434	0	APA0	5	0	0	61	0	5	20	1	13	29	
425	0	APA0	5	0	0	2	0	14	20	3	2	50	
436	0	APA0	5	0	0	60	0	3	20	1	12	28	
427	0	APA0	5	0	0	3	0	12	20	3	3	51	
438	0	APA0	5	0	0	59	0	1	20	1	11	27	
429	0	APA0	5	0	0	4	0	10	20	3	4	52	
1569	0	APA0	5	0	0	58	1	9	20	1	10	26	
1578	0	APA0	5	0	0	5	1	18	20	3	5	53	
2127	0	APA0	5	0	0	31	2	0	20	0	15	15	
2114	0	APA0	5	0	0	32	2	13	20	2	0	32	
2125	0	APA0	5	0	0	30	2	2	20	0	14	14	
2112	0	APA0	5	0	0	33	2	15	20	2	1	33	
2123	0	APA0	5	0	0	29	2	4	20	0	13	13	
2110	0	APA0	5	0	0	34	2	17	20	2	2	34	
2121	0	APA0	5	0	0	28	2	6	20	0	12	12	
2108	0	APA0	5	0	0	35	2	19	20	2	3	35	
2119	0	APA0	5	0	0	27	2	8	20	0	11	11	
2106	0	APA0	5	0	0	36	2	21	20	2	4	36	
2117	0	APA0	5	0	0	26	2	10	20	0	10	10	
2104	0	APA0	5	0	0	37	2	23	20	2	5	37	
2103	0	APA0	5	0	0	79	2	24	20	4	15	79	
2090	0	APA0	5	0	0	112	2	37	20	6	0	96	
2101	0	APA0	5	0	0	78	2	26	20	4	14	78	
2088	0	APA0	5	0	0	113	2	39	20	6	1	97	
2099	0	APA0	5	0	0	77	2	28	20	4	13	77	
2086	0	APA0	5	0	0	114	2	41	20	6	2	98	
2097	0	APA0	5	0	0	76	2	30	20	4	12	76	
2084	0	APA0	5	0	0	115	2	43	20	6	3	99	
2095	0	APA0	5	0	0	75	2	32	20	4	11	75	
2082	0	APA0	5	0	0	116	2	45	20	6	4	100	
2093	0	APA0	5	0	0	74	2	34	20	4	10	74	
2080	0	APA0	5	0	0	117	2	47	20	6	5	101	
410	0	APA0	5	0	0	111	0	29	20	5	15	95	
401	0	APA0	5	0	0	80	0	38	20	7	0	112	
412	0	APA0	5	0	0	110	0	27	20	5	14	94	
403	0	APA0	5	0	0	81	0	36	20	7	1	113	
414	0	APA0	5	0	0	109	0	25	20	5	13	93	
405	0	APA0	5	0	0	82	0	34	20	7	2	114	
416	0	APA0	5	0	0	108	0	23	20	5	12	92	
407	0	APA0	5	0	0	83	0	32	20	7	3	115	
418	0	APA0	5	0	0	107	0	21	20	5	11	91	
409	0	APA0	5	0	0	84	0	30	20	7	4	116	
1589	0	APA0	5	0	0	106	1	29	20	5	10	90	
1598	0	APA0	5	0	0	85	1	38	20	7	5	117	
